route_id,service_id,trip_id,trip_headsign,trip_short_name,direction_id,block_id,shape_id
S3,128433012865220,12865220, ,900825,0, , 
XP1,128451912865343,12865343, ,900337,0, , 
S2,128435212859247,12859247, ,932654,0, , 
R22,128467412862514,12862514, ,911043,0, , 
R16,128478712865515,12865515, ,900656,0, , 
S3,128693612866881,12866881, ,900887,0, , 
XP1,128695012866891,12866891, ,900362,0, , 
RE3,128695112866892,12866892, ,900960,0, , 
S3,128465712865430,12865430, ,900822,0, , 
R3,128412912859043,12859043, ,912941,0, , 
S4,128470712865463,12865463, ,900789,0, , 
R27,128475212865490,12865490, ,900222,0, , 
R22,128480312865526,12865526, ,900054,0, , 
R3,128420212859107,12859107, ,902980,0, , 
R17,128463512859505,12859505, ,902134,0, , 
R3,128439912862278,12862278, ,911914,0, , 
S4,128431412865207,12865207, ,900717,0, , 
S50,128422712865148,12865148, ,928346,0, , 
RE1,128427212865179,12865179, ,900067,0, , 
R16,128436712862252,12862252, ,901617,0, , 
XP1,128469212865453,12865453, ,900336,0, , 
R22,128694012861533,12861533, ,912047,0, , 
R17,128418212862109,12862109, ,901112,0, , 
S4,128468412865447,12865447, ,900775,0, , 
XP1,128476012865497,12865497, ,900335,0, , 
R16,128481812862625,12862625, ,911689,0, , 
R27,128480812865529,12865529, ,900244,0, , 
S3,128431912865211,12865211, ,900811,0, , 
R3,128445912862328,12862328, ,901950,0, , 
XP1,128452312865347,12865347, ,900387,0, , 
XP1,128466612865436,12865436, ,900349,0, , 
R22,128428712865188,12865188, ,910091,0, , 
S4,128441412865275,12865275, ,900743,0, , 
R27,128464112865417,12865417, ,900249,0, , 
R16,128469912862534,12862534, ,901650,0, , 
S3,128479812865522,12865522, ,900852,0, , 
R3,128407512862025,12862025, ,901964,0, , 
R16,128408712865060,12865060, ,900615,0, , 
R22,128440312865266,12865266, ,900013,0, , 
R22,128444312865296,12865296, ,900055,0, , 
S3,128444912865302,12865302, ,900847,0, , 
S2,128416412859076,12859076, ,932638,0, , 
R17,128439112862270,12862270, ,901182,0, , 
R3,128440812865270,12865270, ,910986,0, , 
R27,128431012862206,12862206, ,901211,0, , 
S4,128456412859444,12859444, ,902784,0, , 
R22,128441912862294,12862294, ,911069,0, , 
S3,128448812865322,12865322, ,900874,0, , 
S2,128433212859228,12859228, ,932680,0, , 
S3,128454512865357,12865357, ,900841,0, , 
S3,128476612865502,12865502, ,900883,0, , 
S4,128456612859446,12859446, ,902770,0, , 
RE7,128459012859466,12859466, ,902169,0, , 
R28,128453312865352,12865352, ,910332,0, , 
S3,128445412865306,12865306, ,900858,0, , 
R22,128450012865327,12865327, ,910045,0, , 
S3,128477012865504,12865504, ,900836,0, , 
XP1,128416012865107,12865107, ,900339,0, , 
RE6,128565412866033,12866033, ,2601,0, , 
R16,128443312862306,12862306, ,901641,0, , 
R17,128479212865518,12865518, ,900170,0, , 
R17,128449512859379,12859379, ,902156,0, , 
RE6,128564412866027,12866027, ,2618,0, , 
R3,128399012864995,12864995, ,909901,0, , 
XP2,128427812865183,12865183, ,910374,0, , 
R22,128429012865190,12865190, ,910022,0, , 
S3,128442312865280,12865280, ,900824,0, , 
RE1,128447512865316,12865316, ,900026,0, , 
R2,128558612865990,12865990, ,22608,0, , 
R22,128473412865478,12865478, ,910010,0, , 
RE2,128553912865958,12865958, ,2203,0, , 
R3,128460812865395,12865395, ,914929,0, , 
R17,128420412865132,12865132, ,900184,0, , 
R3,128453412859416,12859416, ,912968,0, , 
R3,128446412859351,12859351, ,912976,0, , 
R17,128695412864377,12864377, ,901177,0, , 
S13,128610712860780,12860780, ,24329,0, , 
R34,128582512863399,12863399, ,10479,0, , 
S7,128588812863450,12863450, ,24719,0, , 
R11,128658512864052,12864052, ,10158,0, , 
R31,128662012864081,12864081, ,10029,0, , 
R23,128662712864087,12864087, ,10242,0, , 
R5,128665012864106,12864106, ,10512,0, , 
S5,128672712864171,12864171, ,24537,0, , 
S40,128682412864247,12864247, ,25480,0, , 
S50,128397412865005,12865005, ,25576,0, , 
R2,128512512865699,12865699, ,22618,0, , 
R8,128513112865704,12865704, ,10814,0, , 
R4,128513812865708,12865708, ,10937,0, , 
R34,128516012865719,12865719, ,10478,0, , 
R7,128517612865730,12865730, ,10721,0, , 
S8,128518012865733,12865733, ,24876,0, , 
S6,128518412865737,12865737, ,24658,0, , 
R36,128520112865748,12865748, ,10688,0, , 
R7,128520412865749,12865749, ,10722,0, , 
RE5,128521212865753,12865753, ,2537,0, , 
R4,128523512865764,12865764, ,10945,0, , 
RE2,128524012865767,12865767, ,2240,0, , 
S6,128524812865773,12865773, ,24659,0, , 
R35,128526312865779,12865779, ,10579,0, , 
S8,128527012865782,12865782, ,24856,0, , 
S50,128529312865798,12865798, ,25569,0, , 
S11,128530612865811,12865811, ,25048,0, , 
R1,128531512865818,12865818, ,10117,0, , 
S6,128532012865822,12865822, ,24657,0, , 
S13,128532712865826,12865826, ,24338,0, , 
S10,128532812865827,12865827, ,25168,0, , 
S6,128537712865857,12865857, ,24680,0, , 
RE5,128538112865858,12865858, ,2540,0, , 
S5,128538812865864,12865864, ,24559,0, , 
R4,128541212865880,12865880, ,10941,0, , 
R4,128541712865883,12865883, ,10919,0, , 
R11,128543812865894,12865894, ,10170,0, , 
S1,128544212865896,12865896, ,24162,0, , 
R4,128549412865929,12865929, ,10928,0, , 
RE6,128550112865934,12865934, ,2624,0, , 
S6,128552112865946,12865946, ,24653,0, , 
S6,128552212865947,12865947, ,24630,0, , 
R7,128553612865956,12865956, ,10735,0, , 
S5,128555412865969,12865969, ,24546,0, , 
S9,128560612866000,12866000, ,24936,0, , 
S6,128562912866017,12866017, ,24643,0, , 
S6,128563912866022,12866022, ,24652,0, , 
R37,128565012866031,12866031, ,10766,0, , 
S13,128566412866037,12866037, ,24335,0, , 
R2,128571712866080,12866080, ,22683,0, , 
S10,128575312866097,12866097, ,25176,0, , 
R11,128576112866105,12866105, ,10153,0, , 
R7,128576712866110,12866110, ,10726,0, , 
S5,128578012866119,12866119, ,24511,0, , 
R5,128581012866139,12866139, ,10540,0, , 
RE8,128583912866159,12866159, ,2814,0, , 
RE11,128584512866163,12866163, ,2156,0, , 
RE5,128584612866164,12866164, ,2533,0, , 
R1,128586312866174,12866174, ,10126,0, , 
S7,128588512866186,12866186, ,24736,0, , 
R38,128590312866195,12866195, ,10875,0, , 
S11,128591112866201,12866201, ,25049,0, , 
R37,128593612866217,12866217, ,10759,0, , 
RE11,128595112866227,12866227, ,2162,0, , 
R11,128596912866239,12866239, ,10166,0, , 
S6,128597912866246,12866246, ,24685,0, , 
RE2,128598412866249,12866249, ,2215,0, , 
S9,128599712866255,12866255, ,24944,0, , 
S7,128600912866262,12866262, ,24745,0, , 
S13,128601412866266,12866266, ,24375,0, , 
R38,128603312866277,12866277, ,10853,0, , 
S13,128605612866291,12866291, ,24315,0, , 
S11,128606112866294,12866294, ,25081,0, , 
S5,128607212866300,12866300, ,24544,0, , 
S6,128607412866302,12866302, ,24649,0, , 
R35,128608012866308,12866308, ,10567,0, , 
S8,128609512866318,12866318, ,24885,0, , 
R4,128610212866323,12866323, ,10925,0, , 
R38,128611612866331,12866331, ,10871,0, , 
S6,128612512866339,12866339, ,24674,0, , 
S13,128612712866341,12866341, ,24364,0, , 
S10,128615512866363,12866363, ,25160,0, , 
R14,128615812866365,12866365, ,25850,0, , 
S10,128620112866385,12866385, ,25156,0, , 
RE5,128621712866397,12866397, ,2548,0, , 
S5,128623812866413,12866413, ,24571,0, , 
RE2,128624512866416,12866416, ,2218,0, , 
S5,128625812866422,12866422, ,24542,0, , 
R11,128627412866430,12866430, ,10177,0, , 
R1,128636512866491,12866491, ,10120,0, , 
R5,128639212866508,12866508, ,10529,0, , 
S13,128643812866543,12866543, ,24372,0, , 
S6,128644912866549,12866549, ,24638,0, , 
R2,128645412866551,12866551, ,22666,0, , 
S13,128646912866560,12866560, ,24360,0, , 
S13,128650512866587,12866587, ,24314,0, , 
RE13,128652312866600,12866600, ,2373,0, , 
S1,128653912866608,12866608, ,24158,0, , 
S5,128663912866677,12866677, ,24580,0, , 
RE13,128664912866683,12866683, ,2327,0, , 
S40,128591912863479,12863479, ,25406,0, , 
S2,128550612860223,12860223, ,24240,0, , 
RE5,128620612860873,12860873, ,2570,0, , 
S9,128514112862825,12862825, ,24982,0, , 
S8,128515212862834,12862834, ,24883,0, , 
R1,128520212862875,12862875, ,10106,0, , 
R23,128600712863551,12863551, ,10221,0, , 
R2,128601512863558,12863558, ,22648,0, , 
R34,128602912863570,12863570, ,10457,0, , 
R38,128556112860269,12860269, ,10892,0, , 
R8,128522412862892,12862892, ,10836,0, , 
S5,128527912862933,12862933, ,24568,0, , 
S8,128604212863581,12863581, ,24870,0, , 
R31,128604412863583,12863583, ,10085,0, , 
S40,128611512863640,12863640, ,25458,0, , 
R6,128562312860327,12860327, ,10649,0, , 
S1,128533512862985,12862985, ,24124,0, , 
R35,128534012862989,12862989, ,10560,0, , 
R8,128617712863694,12863694, ,10840,0, , 
R37,128618712863702,12863702, ,10769,0, , 
R41,128535612863004,12863004, ,10974,0, , 
R25,128539812863039,12863039, ,11263,0, , 
S40,128542012863061,12863061, ,25478,0, , 
S7,128619912863712,12863712, ,24767,0, , 
S5,128622712863735,12863735, ,24581,0, , 
R36,128542612863066,12863066, ,10662,0, , 
S11,128547812863108,12863108, ,25079,0, , 
R18,128549212863116,12863116, ,10436,0, , 
S40,128632412863820,12863820, ,25410,0, , 
S11,128656312861192,12861192, ,25229,0, , 
R31,128657212861200,12861200, ,10022,0, , 
S11,128558712863190,12863190, ,25031,0, , 
R37,128634612863837,12863837, ,10754,0, , 
S40,128636412863856,12863856, ,25434,0, , 
R23,128638512863873,12863873, ,10230,0, , 
R34,128560812863209,12863209, ,10456,0, , 
S8,128641812863899,12863899, ,24875,0, , 
R1,128646112863933,12863933, ,10101,0, , 
RE10,128593412860627,12860627, ,25203,0, , 
R7,128668712861299,12861299, ,10744,0, , 
S5,128566712863262,12863262, ,24532,0, , 
R34,128647712863948,12863948, ,10476,0, , 
R5,128649412863980,12863980, ,10538,0, , 
S9,128652712864008,12864008, ,24978,0, , 
R36,128653112864011,12864011, ,10665,0, , 
S2,128677012861371,12861371, ,24250,0, , 
S2,128523712859979,12859979, ,24244,0, , 
R6,128537212860103,12860103, ,10647,0, , 
S11,128530812862959,12862959, ,25070,0, , 
S11,128687712864297,12864297, ,25071,0, , 
S9,128484212865546,12865546, ,934466,0, , 
S1,128524512865771,12865771, ,24045,0, , 
S9,128548212865921,12865921, ,24902,0, , 
R31,128597312866242,12866242, ,10064,0, , 
RE4,128622312866403,12866403, ,2403,0, , 
S1,128627312866429,12866429, ,24036,0, , 
RE8,128647212866563,12866563, ,2809,0, , 
R11,128674912866749,12866749, ,10191,0, , 
S7,128666912866698,12866698, ,24768,0, , 
RE6,128671112866726,12866726, ,2632,0, , 
R37,128671212866727,12866727, ,10782,0, , 
R1,128672612866736,12866736, ,10116,0, , 
R2,128675312866751,12866751, ,22647,0, , 
R2,128677612866763,12866763, ,22655,0, , 
R37,128677712866764,12866764, ,10758,0, , 
R38,128678712866771,12866771, ,10886,0, , 
RE8,128678912866772,12866772, ,2838,0, , 
R12,128681812866795,12866795, ,10296,0, , 
RE5,128683612866806,12866806, ,2557,0, , 
RE5,128684012866810,12866810, ,2573,0, , 
R14,128684212866812,12866812, ,25827,0, , 
R14,128684612866816,12866816, ,25859,0, , 
RE8,128685712866826,12866826, ,2841,0, , 
RE6,128690112866856,12866856, ,2627,0, , 
R6,128690612866860,12866860, ,10619,0, , 
R5,128690712866861,12866861, ,10518,0, , 
R5,128691012866863,12866863, ,10521,0, , 
R28,128398612870748,12870748, ,2962,0, , 
RE3,128434612862235,12862235, ,901917,0, , 
S50,128423912865156,12865156, ,928388,0, , 
S4,128424312865160,12865160, ,900747,0, , 
R3,128430312865198,12865198, ,910980,0, , 
R22,128418712865124,12865124, ,900041,0, , 
R17,128437912865254,12865254, ,900150,0, , 
XP2,128445812865309,12865309, ,910362,0, , 
S3,128460212865389,12865389, ,900832,0, , 
S4,128452412859407,12859407, ,902744,0, , 
S4,128464012859510,12859510, ,902712,0, , 
S50,128465812859527,12859527, ,928314,0, , 
R22,128466012859529,12859529, ,902030,0, , 
S4,128419712859102,12859102, ,902738,0, , 
S50,128694412866888,12866888, ,928342,0, , 
R22,128451812865342,12865342, ,900066,0, , 
R28,128463712865414,12865414, ,910384,0, , 
S2,128482712859684,12859684, ,932678,0, , 
RE2,128637612866498,12866498, ,2201,0, , 
S50,128407612865051,12865051, ,928358,0, , 
S4,128413912859053,12859053, ,902754,0, , 
R2,128642512866533,12866533, ,22605,0, , 
XP1,128431812865210,12865210, ,900333,0, , 
R17,128433912865224,12865224, ,900188,0, , 
S3,128474612865486,12865486, ,900814,0, , 
R22,128467512859543,12859543, ,912021,0, , 
XP1,128421112865136,12865136, ,900395,0, , 
R17,128429612865193,12865193, ,900131,0, , 
R17,128478512865514,12865514, ,900154,0, , 
R28,128695212866893,12866893, ,910326,0, , 
RE1,128692312861521,12861521, ,902024,0, , 
S3,128417912865119,12865119, ,900813,0, , 
R22,128408212858998,12858998, ,912063,0, , 
XP1,128422212865144,12865144, ,900368,0, , 
S2,128452612859408,12859408, ,932646,0, , 
R7,128533412865833,12865833, ,2698,0, , 
RE3,128408512865058,12865058, ,900934,0, , 
R3,128429212862191,12862191, ,901969,0, , 
R22,128446112859348,12859348, ,912079,0, , 
XP1,128440512865268,12865268, ,900348,0, , 
S3,128450612865332,12865332, ,900839,0, , 
S2,128455512859436,12859436, ,932624,0, , 
S50,128463812865415,12865415, ,928378,0, , 
XP1,128692612866873,12866873, ,900366,0, , 
S50,128409312865063,12865063, ,928362,0, , 
S4,128458512865382,12865382, ,900765,0, , 
S4,128475912865496,12865496, ,900715,0, , 
S4,128432712865218,12865218, ,900769,0, , 
R16,128459812862449,12862449, ,901673,0, , 
R27,128456312865369,12865369, ,900213,0, , 
S3,128468312865446,12865446, ,900885,0, , 
R16,128475312865491,12865491, ,900628,0, , 
XP1,128478112865511,12865511, ,900342,0, , 
S4,128479412865520,12865520, ,900771,0, , 
RE13,128678512866769,12866769, ,2349,0, , 
R16,128417012862100,12862100, ,901645,0, , 
S4,128420112859106,12859106, ,902758,0, , 
R3,128420812859113,12859113, ,902974,0, , 
R4,128651912861153,12861153, ,10901,0, , 
XP1,128423212865151,12865151, ,900357,0, , 
R17,128430712865202,12865202, ,900114,0, , 
S4,128465112865426,12865426, ,900777,0, , 
S3,128467312865441,12865441, ,900869,0, , 
XP1,128450912865335,12865335, ,900318,0, , 
R16,128469412865455,12865455, ,900612,0, , 
R28,128409012865061,12865061, ,910324,0, , 
R27,128444612865299,12865299, ,900223,0, , 
RE3,128452112865345,12865345, ,900922,0, , 
R27,128487412865581,12865581, ,900246,0, , 
S3,128487512865582,12865582, ,900895,0, , 
S3,128411212865077,12865077, ,900818,0, , 
R22,128422112865143,12865143, ,910065,0, , 
S3,128424012865157,12865157, ,900851,0, , 
S3,128444112865295,12865295, ,900844,0, , 
R3,128469812865456,12865456, ,910915,0, , 
R3,128410612862052,12862052, ,901910,0, , 
S4,128445312865305,12865305, ,900711,0, , 
S9,128482112862628,12862628, ,931468,0, , 
RE1,128474512859609,12859609, ,902016,0, , 
S3,128464412865420,12865420, ,900833,0, , 
S2,128467912859547,12859547, ,932660,0, , 
R27,128426312865173,12865173, ,900255,0, , 
R3,128478012859641,12859641, ,912965,0, , 
S9,128481212862621,12862621, ,931466,0, , 
S50,128695312866894,12866894, ,928324,0, , 
RE1,128428812859188,12859188, ,902077,0, , 
S13,128665312866685,12866685, ,24393,0, , 
XP1,128466112865432,12865432, ,900347,0, , 
S4,128468512865448,12865448, ,900757,0, , 
S2,128418612859094,12859094, ,932634,0, , 
XP2,128694512866889,12866889, ,910382,0, , 
S7,128682212861428,12861428, ,24730,0, , 
S1,128588412863446,12863446, ,24138,0, , 
S9,128588712863449,12863449, ,24960,0, , 
S7,128589012863451,12863451, ,24732,0, , 
R36,128658112864048,12864048, ,10685,0, , 
S9,128661912864080,12864080, ,24968,0, , 
R40,128663712864094,12864094, ,10005,0, , 
R40,128666112864115,12864115, ,10006,0, , 
R41,128670212864149,12864149, ,10966,0, , 
R31,128680212864228,12864228, ,10071,0, , 
R11,128680412864230,12864230, ,10163,0, , 
R21,128687012864290,12864290, ,25315,0, , 
R11,128690512864321,12864321, ,10175,0, , 
S50,128397512865004,12865004, ,25579,0, , 
S11,128515012865712,12865712, ,25068,0, , 
R4,128515312865714,12865714, ,10913,0, , 
R14,128516112865720,12865720, ,25871,0, , 
RE10,128516912865724,12865724, ,25530,0, , 
S8,128517212865726,12865726, ,24836,0, , 
S13,128517912865732,12865732, ,24311,0, , 
R7,128518812865740,12865740, ,10731,0, , 
R40,128525512865776,12865776, ,10007,0, , 
RE6,128525912865778,12865778, ,2639,0, , 
R14,128527212865783,12865783, ,25846,0, , 
R1,128528212865790,12865790, ,10141,0, , 
R28,128528312865791,12865791, ,2920,0, , 
R36,128529012865796,12865796, ,10689,0, , 
RE2,128533812865836,12865836, ,2230,0, , 
S6,128538912865865,12865865, ,24662,0, , 
R7,128539312865868,12865868, ,10716,0, , 
S1,128546912865911,12865911, ,24111,0, , 
R4,128547412865916,12865916, ,10918,0, , 
RE13,128548712865925,12865925, ,2369,0, , 
RE4,128549612865931,12865931, ,2435,0, , 
RE5,128551512865941,12865941, ,2561,0, , 
RE2,128551812865944,12865944, ,2212,0, , 
RE10,128553712865957,12865957, ,25520,0, , 
S50,128555212865968,12865968, ,25557,0, , 
S5,128556312865976,12865976, ,24534,0, , 
R2,128557812865986,12865986, ,22663,0, , 
S8,128559812865996,12865996, ,24837,0, , 
RE11,128560712866001,12866001, ,2157,0, , 
R31,128563112866018,12866018, ,10033,0, , 
S13,128564512866028,12866028, ,24350,0, , 
S1,128564812866029,12866029, ,24146,0, , 
R1,128568112866055,12866055, ,10118,0, , 
S13,128568912866062,12866062, ,24341,0, , 
R4,128569212866064,12866064, ,10914,0, , 
R37,128570212866068,12866068, ,10775,0, , 
R14,128576412866107,12866107, ,25838,0, , 
R5,128576612866109,12866109, ,10537,0, , 
R35,128577812866118,12866118, ,10586,0, , 
S1,128581812866144,12866144, ,24144,0, , 
RE2,128585612866169,12866169, ,2236,0, , 
S7,128588212866184,12866184, ,24757,0, , 
S8,128590812866199,12866199, ,24861,0, , 
S7,128591012866200,12866200, ,24765,0, , 
R2,128592412866211,12866211, ,22626,0, , 
S13,128593312866215,12866215, ,24361,0, , 
R14,128593512866216,12866216, ,25843,0, , 
R13,128594712866225,12866225, ,10318,0, , 
S13,128596512866237,12866237, ,24346,0, , 
R31,128597012866240,12866240, ,10089,0, , 
R31,128601012866263,12866263, ,10077,0, , 
R36,128603412866278,12866278, ,10676,0, , 
R13,128603712866281,12866281, ,10337,0, , 
R21,128604112866284,12866284, ,25346,0, , 
RE11,128606712866297,12866297, ,2179,0, , 
R6,128607112866299,12866299, ,10618,0, , 
R38,128612412866338,12866338, ,10877,0, , 
S1,128614312866354,12866354, ,24115,0, , 
R31,128614512866356,12866356, ,10053,0, , 
R6,128614812866358,12866358, ,10625,0, , 
RE11,128617112866371,12866371, ,2173,0, , 
S1,128618312866376,12866376, ,24180,0, , 
R40,128618412866377,12866377, ,10008,0, , 
R21,128620412866387,12866387, ,25328,0, , 
S13,128620812866390,12866390, ,24379,0, , 
S9,128622012866400,12866400, ,24984,0, , 
R35,128624812866418,12866418, ,10565,0, , 
RE2,128625212866420,12866420, ,2239,0, , 
R2,128629312866444,12866444, ,22667,0, , 
S6,128629412866445,12866445, ,24640,0, , 
S11,128629912866449,12866449, ,25033,0, , 
R31,128631312866458,12866458, ,10032,0, , 
R2,128631712866462,12866462, ,22654,0, , 
S11,128633512866472,12866472, ,25020,0, , 
S8,128633712866473,12866473, ,24877,0, , 
S7,128635812866486,12866486, ,24753,0, , 
S6,128636212866489,12866489, ,24646,0, , 
RE5,128638812866505,12866505, ,2572,0, , 
R35,128639112866507,12866507, ,10574,0, , 
R1,128642312866532,12866532, ,10139,0, , 
R39,128642712866535,12866535, ,10793,0, , 
S50,128643412866540,12866540, ,25556,0, , 
R21,128646612866557,12866557, ,25319,0, , 
R1,128649012866575,12866575, ,10129,0, , 
S11,128649312866577,12866577, ,25072,0, , 
S5,128649712866580,12866580, ,24551,0, , 
R14,128651012866591,12866591, ,25839,0, , 
RE11,128653212866603,12866603, ,2186,0, , 
R31,128654612866612,12866612, ,10016,0, , 
S5,128655812866620,12866620, ,24574,0, , 
S1,128656712866634,12866634, ,24160,0, , 
R14,128660912866661,12866661, ,25858,0, , 
S8,128661112866663,12866663, ,24881,0, , 
S8,128661812866666,12866666, ,24832,0, , 
S1,128662112866667,12866667, ,24156,0, , 
S13,128662312866669,12866669, ,24349,0, , 
R2,128664312866679,12866679, ,22674,0, , 
R6,128544012860164,12860164, ,10607,0, , 
S2,128618612860855,12860855, ,24224,0, , 
S11,128548812860207,12860207, ,25273,0, , 
RE6,128624712860909,12860909, ,2628,0, , 
S5,128513912862823,12862823, ,24572,0, , 
R23,128514212862826,12862826, ,10205,0, , 
R5,128515912862840,12862840, ,10534,0, , 
S1,128519512862870,12862870, ,24114,0, , 
R18,128599312863538,12863538, ,10433,0, , 
R1,128599512863540,12863540, ,10105,0, , 
S11,128554212860253,12860253, ,25219,0, , 
R38,128557712860283,12860283, ,10897,0, , 
S7,128558412860290,12860290, ,24754,0, , 
R36,128521012862880,12862880, ,10686,0, , 
R2,128524912862910,12862910, ,22621,0, , 
R18,128610512863632,12863632, ,10415,0, , 
RE5,128561412860319,12860319, ,2527,0, , 
RE13,128532312862973,12862973, ,2398,0, , 
R31,128532512862975,12862975, ,10030,0, , 
RE2,128568612860385,12860385, ,2258,0, , 
R38,128569512860396,12860396, ,10895,0, , 
RE4,128645212861093,12861093, ,2405,0, , 
R18,128623912863747,12863747, ,10421,0, , 
R37,128624112863748,12863748, ,10772,0, , 
S7,128543512863073,12863073, ,24726,0, , 
S2,128586512860549,12860549, ,24254,0, , 
S8,128654312861174,12861174, ,24801,0, , 
R21,128659412861219,12861219, ,25300,0, , 
R23,128551412863131,12863131, ,10226,0, , 
S40,128635512863846,12863846, ,25424,0, , 
RE2,128662512861246,12861246, ,2256,0, , 
R5,128562012863220,12863220, ,10527,0, , 
R25,128563612863235,12863235, ,11265,0, , 
S9,128644112863918,12863918, ,24932,0, , 
R13,128644412863920,12863920, ,10307,0, , 
S2,128596012860651,12860651, ,24256,0, , 
S6,128597812860664,12860664, ,24626,0, , 
S7,128570612863294,12863294, ,24725,0, , 
S11,128573812863317,12863317, ,25087,0, , 
R11,128574212863319,12863319, ,10171,0, , 
R8,128647612863947,12863947, ,10804,0, , 
RE10,128675512861357,12861357, ,25200,0, , 
S7,128677312861373,12861373, ,24759,0, , 
RE13,128574612863322,12863322, ,2384,0, , 
R2,128580412863368,12863368, ,22660,0, , 
R11,128581512863377,12863377, ,10155,0, , 
R2,128528112860021,12860021, ,22639,0, , 
S11,128571912863304,12863304, ,25074,0, , 
R3,128440412865267,12865267, ,913972,0, , 
S9,128456912865371,12865371, ,934422,0, , 
S1,128548112865920,12865920, ,24029,0, , 
S1,128586812866175,12866175, ,24043,0, , 
S1,128602212866271,12866271, ,24030,0, , 
R25,128626212866424,12866424, ,11291,0, , 
S1,128630512866453,12866453, ,24027,0, , 
S1,128648612866572,12866572, ,24039,0, , 
S5,128658012866641,12866641, ,24592,0, , 
R31,128659312866650,12866650, ,10027,0, , 
R11,128670712866723,12866723, ,10199,0, , 
S13,128669912866716,12866716, ,24374,0, , 
RE10,128670412866720,12866720, ,25535,0, , 
R21,128671912866732,12866732, ,25348,0, , 
S11,128673312866740,12866740, ,25088,0, , 
R2,128673512866742,12866742, ,22671,0, , 
R5,128674412866746,12866746, ,10519,0, , 
S11,128676012866754,12866754, ,25056,0, , 
XP2,128676812866760,12866760, ,2930,0, , 
XP2,128676912866761,12866761, ,2946,0, , 
R35,128681712866794,12866794, ,10568,0, , 
R7,128682612866798,12866798, ,10733,0, , 
R14,128684112866811,12866811, ,25823,0, , 
RE8,128685412866823,12866823, ,2836,0, , 
R28,128686112866830,12866830, ,2936,0, , 
R21,128686712866836,12866836, ,25335,0, , 
S11,128687212866839,12866839, ,25053,0, , 
S10,128688112866845,12866845, ,25172,0, , 
XP1,128462812865408,12865408, ,900346,0, , 
R28,128457912865378,12865378, ,910380,0, , 
XP1,128486712865575,12865575, ,900386,0, , 
R16,128694312866887,12866887, ,900637,0, , 
R17,128416812865112,12865112, ,900123,0, , 
S3,128452912865351,12865351, ,900868,0, , 
R3,128438912859281,12859281, ,902908,0, , 
XP1,128486312865567,12865567, ,900393,0, , 
R17,128696012866899,12866899, ,900160,0, , 
S4,128696212861554,12861554, ,902732,0, , 
S9,128469612862531,12862531, ,931412,0, , 
R17,128410812865075,12865075, ,900180,0, , 
R16,128438012865255,12865255, ,900624,0, , 
XP2,128425512865167,12865167, ,910334,0, , 
S4,128408312858999,12858999, ,902780,0, , 
S4,128465312859522,12859522, ,902716,0, , 
XP1,128485312865557,12865557, ,900328,0, , 
R3,128415712859069,12859069, ,912973,0, , 
R17,128480512865527,12865527, ,900146,0, , 
R17,128481912865536,12865536, ,900173,0, , 
S4,128694712861539,12861539, ,902782,0, , 
XP2,128416912865113,12865113, ,910378,0, , 
RE2,128594512866223,12866223, ,2202,0, , 
S3,128413112865087,12865087, ,900865,0, , 
XP1,128451012865336,12865336, ,900324,0, , 
R3,128469712862532,12862532, ,901921,0, , 
XP1,128407812865053,12865053, ,900352,0, , 
R22,128412412859039,12859039, ,902014,0, , 
R17,128451212862382,12862382, ,901111,0, , 
R22,128459412862445,12862445, ,901048,0, , 
R17,128446212859349,12859349, ,902147,0, , 
R28,128471712865470,12865470, ,910336,0, , 
R17,128453112859413,12859413, ,902107,0, , 
S9,128429312862192,12862192, ,931462,0, , 
S3,128424612865162,12865162, ,900880,0, , 
S3,128437212865249,12865249, ,900840,0, , 
S3,128441212865273,12865273, ,900866,0, , 
R16,128485812865562,12865562, ,900685,0, , 
S2,128482812859685,12859685, ,932662,0, , 
S3,128693412866879,12866879, ,900877,0, , 
S3,128475512865492,12865492, ,900850,0, , 
S3,128479312865519,12865519, ,900857,0, , 
R27,128485212865556,12865556, ,900236,0, , 
S2,128414512859059,12859059, ,932656,0, , 
R22,128438112865256,12865256, ,910090,0, , 
S4,128471112865466,12865466, ,900719,0, , 
R27,128481412865533,12865533, ,900280,0, , 
R6,128690812866862,12866862, ,10639,0, , 
R22,128424512862156,12862156, ,911044,0, , 
R22,128417512859085,12859085, ,912074,0, , 
R6,128675412866752,12866752, ,10635,0, , 
R22,128424712865163,12865163, ,910028,0, , 
S3,128429512865192,12865192, ,900888,0, , 
R27,128447312865314,12865314, ,900245,0, , 
R22,128461212862462,12862462, ,911054,0, , 
S2,128411312859029,12859029, ,932626,0, , 
XP1,128693912866884,12866884, ,900332,0, , 
R22,128472512865473,12865473, ,900031,0, , 
RE6,128647412866565,12866565, ,2602,0, , 
S4,128423612865154,12865154, ,900755,0, , 
S3,128435312865236,12865236, ,900856,0, , 
R16,128453612862401,12862401, ,901613,0, , 
S3,128419412865128,12865128, ,900889,0, , 
RE1,128430012865196,12865196, ,900047,0, , 
R4,128562212866011,12866011, ,10911,0, , 
S6,128674012866744,12866744, ,24702,0, , 
R16,128487312865580,12865580, ,900644,0, , 
S13,128675112866750,12866750, ,24396,0, , 
RE1,128407712865052,12865052, ,900061,0, , 
S8,128587312863437,12863437, ,24846,0, , 
S5,128655612864027,12864027, ,24557,0, , 
S8,128657112864041,12864041, ,24823,0, , 
R2,128657312864042,12864042, ,22669,0, , 
R2,128667712864128,12864128, ,22629,0, , 
S9,128673212864176,12864176, ,24962,0, , 
S8,128674812864188,12864188, ,24874,0, , 
RE13,128678112864210,12864210, ,2367,0, , 
S11,128687612864296,12864296, ,25059,0, , 
R7,128512712865701,12865701, ,10723,0, , 
RE4,128518612865739,12865739, ,2442,0, , 
RE2,128522012865754,12865754, ,2231,0, , 
R14,128524312865769,12865769, ,25874,0, , 
S1,128527612865786,12865786, ,24164,0, , 
R31,128528012865789,12865789, ,10052,0, , 
S13,128530012865805,12865805, ,24319,0, , 
R35,128530312865808,12865808, ,10563,0, , 
RE2,128531012865814,12865814, ,2242,0, , 
S8,128534612865840,12865840, ,24860,0, , 
RE13,128535412865844,12865844, ,2317,0, , 
R31,128536112865848,12865848, ,10049,0, , 
R6,128536212865849,12865849, ,10621,0, , 
R2,128536812865853,12865853, ,22675,0, , 
S6,128538712865863,12865863, ,24620,0, , 
R2,128540212865872,12865872, ,22627,0, , 
RE10,128542512865887,12865887, ,25536,0, , 
R13,128546812865910,12865910, ,10322,0, , 
S11,128548912865926,12865926, ,25080,0, , 
S13,128549012865927,12865927, ,24378,0, , 
S13,128550012865933,12865933, ,24368,0, , 
R5,128551912865945,12865945, ,10533,0, , 
R6,128554812865966,12865966, ,10627,0, , 
RE5,128555012865967,12865967, ,2529,0, , 
RE13,128556512865978,12865978, ,2354,0, , 
R31,128558812865991,12865991, ,10040,0, , 
RE11,128559212865992,12865992, ,2165,0, , 
S8,128559912865997,12865997, ,24814,0, , 
S8,128560912866002,12866002, ,24869,0, , 
XP2,128562812866016,12866016, ,2934,0, , 
R6,128564312866026,12866026, ,10638,0, , 
S13,128566212866036,12866036, ,24318,0, , 
S13,128570712866072,12866072, ,24326,0, , 
R13,128571112866076,12866076, ,10328,0, , 
R31,128573412866086,12866086, ,10061,0, , 
S5,128573612866088,12866088, ,24555,0, , 
R37,128574112866090,12866090, ,10771,0, , 
R2,128577312866113,12866113, ,22646,0, , 
R7,128579612866130,12866130, ,10727,0, , 
R14,128579912866132,12866132, ,25862,0, , 
S11,128580112866134,12866134, ,25021,0, , 
R31,128580612866136,12866136, ,10057,0, , 
RE13,128581612866142,12866142, ,2388,0, , 
R34,128582212866148,12866148, ,10474,0, , 
R28,128582312866149,12866149, ,2984,0, , 
S6,128584112866161,12866161, ,24622,0, , 
S13,128585412866167,12866167, ,24376,0, , 
S11,128585512866168,12866168, ,25025,0, , 
R4,128585712866170,12866170, ,10940,0, , 
R7,128587412866178,12866178, ,10737,0, , 
S5,128587912866182,12866182, ,24549,0, , 
R37,128589912866192,12866192, ,10777,0, , 
RE2,128590612866197,12866197, ,2227,0, , 
R39,128593012866212,12866212, ,10792,0, , 
R23,128593712866218,12866218, ,10246,0, , 
S9,128598212866248,12866248, ,24940,0, , 
RE13,128598712866252,12866252, ,2335,0, , 
R1,128601112866264,12866264, ,10136,0, , 
S7,128602012866269,12866269, ,24772,0, , 
S10,128603112866275,12866275, ,25155,0, , 
R31,128604012866283,12866283, ,10081,0, , 
S5,128605812866293,12866293, ,24573,0, , 
R14,128607312866301,12866301, ,25867,0, , 
RE8,128609112866316,12866316, ,2835,0, , 
S7,128609712866320,12866320, ,24744,0, , 
S5,128611112866327,12866327, ,24552,0, , 
S6,128613512866347,12866347, ,24654,0, , 
R4,128614212866353,12866353, ,10904,0, , 
S6,128614412866355,12866355, ,24629,0, , 
R7,128615012866360,12866360, ,10717,0, , 
RE2,128616712866369,12866369, ,2247,0, , 
RE13,128617612866374,12866374, ,2343,0, , 
S9,128619512866381,12866381, ,24972,0, , 
R6,128620212866386,12866386, ,10624,0, , 
S10,128620712866389,12866389, ,25184,0, , 
R14,128621312866393,12866393, ,25879,0, , 
RE11,128622612866405,12866405, ,2174,0, , 
R4,128624212866414,12866414, ,10917,0, , 
R28,128627612866432,12866432, ,2968,0, , 
S13,128627812866434,12866434, ,24353,0, , 
RE2,128627912866435,12866435, ,2232,0, , 
S8,128628012866436,12866436, ,24880,0, , 
S6,128631212866457,12866457, ,24664,0, , 
R1,128631512866460,12866460, ,10115,0, , 
RE10,128633012866470,12866470, ,25507,0, , 
R1,128634012866474,12866474, ,10131,0, , 
R5,128634512866475,12866475, ,10532,0, , 
R12,128635112866480,12866480, ,10297,0, , 
S13,128637212866495,12866495, ,24369,0, , 
R7,128637912866501,12866501, ,10720,0, , 
S13,128638712866504,12866504, ,24320,0, , 
R4,128641712866527,12866527, ,10934,0, , 
RE5,128642612866534,12866534, ,2576,0, , 
R2,128645812866553,12866553, ,22678,0, , 
RE10,128646712866558,12866558, ,25519,0, , 
S6,128647312866564,12866564, ,24636,0, , 
S5,128650412866586,12866586, ,24524,0, , 
R38,128650712866588,12866588, ,10876,0, , 
R21,128650812866589,12866589, ,25341,0, , 
R28,128654812866614,12866614, ,2924,0, , 
RE5,128657812866639,12866639, ,2512,0, , 
S5,128659112866648,12866648, ,24527,0, , 
S11,128660512866657,12866657, ,25073,0, , 
S8,128661312866664,12866664, ,24865,0, , 
R14,128665412866686,12866686, ,25883,0, , 
S5,128665512866687,12866687, ,24538,0, , 
S2,128545712860181,12860181, ,24262,0, , 
S11,128616112860831,12860831, ,25263,0, , 
R31,128616912860839,12860839, ,10075,0, , 
S8,128590912863469,12863469, ,24816,0, , 
S8,128592512863485,12863485, ,24831,0, , 
R8,128592612863486,12863486, ,10837,0, , 
S6,128548012860203,12860203, ,24637,0, , 
R6,128624412860906,12860906, ,10603,0, , 
R36,128518712862864,12862864, ,10679,0, , 
R41,128521312862883,12862883, ,10951,0, , 
R36,128523412862899,12862899, ,10699,0, , 
S6,128560312860308,12860308, ,24628,0, , 
S6,128636612861021,12861021, ,24639,0, , 
R8,128531812862969,12862969, ,10821,0, , 
S8,128534212862991,12862991, ,24878,0, , 
R23,128534912862998,12862998, ,10238,0, , 
S7,128567412860374,12860374, ,24743,0, , 
R18,128541012863051,12863051, ,10439,0, , 
S7,128541612863058,12863058, ,24715,0, , 
S11,128622912863737,12863737, ,25047,0, , 
S11,128576212860455,12860455, ,25225,0, , 
RE6,128579012860479,12860479, ,2677,0, , 
R38,128579512860485,12860485, ,10855,0, , 
R35,128629512863795,12863795, ,10580,0, , 
R14,128630112863800,12863800, ,25820,0, , 
S2,128580812860497,12860497, ,24215,0, , 
S11,128655412861183,12861183, ,25269,0, , 
S9,128552812863142,12863142, ,24958,0, , 
S11,128555112863160,12863160, ,25083,0, , 
R13,128634212863834,12863834, ,10309,0, , 
R2,128636112863853,12863853, ,22665,0, , 
R25,128637312863862,12863862, ,11278,0, , 
RE13,128663112861252,12861252, ,3008,0, , 
S11,128565612863252,12863252, ,25082,0, , 
R5,128641112863893,12863893, ,10539,0, , 
S9,128642812863908,12863908, ,24934,0, , 
R5,128645712863930,12863930, ,10514,0, , 
R8,128646212863934,12863934, ,10829,0, , 
R11,128646412863936,12863936, ,10176,0, , 
S2,128670912861319,12861319, ,24264,0, , 
RE2,128671812861328,12861328, ,2277,0, , 
R34,128566812863263,12863263, ,10452,0, , 
R5,128569612863286,12863286, ,10535,0, , 
R11,128572412863305,12863305, ,10172,0, , 
R2,128601312860697,12860697, ,22635,0, , 
S13,128675212861355,12861355, ,24332,0, , 
RE6,128675712861359,12861359, ,2660,0, , 
S2,128678012861380,12861380, ,24228,0, , 
S40,128580312863367,12863367, ,25420,0, , 
RE13,128514812859900,12859900, ,3005,0, , 
RE2,128516712859919,12859919, ,2223,0, , 
S1,128541912865885,12865885, ,24024,0, , 
S1,128578812866126,12866126, ,24020,0, , 
S5,128644812866548,12866548, ,24595,0, , 
RE11,128667212866700,12866700, ,2185,0, , 
RE5,128667512866703,12866703, ,2564,0, , 
S8,128669212866710,12866710, ,24820,0, , 
RE10,128669612866714,12866714, ,25525,0, , 
S5,128670112866718,12866718, ,24561,0, , 
S5,128671512866730,12866730, ,24567,0, , 
R2,128672012866733,12866733, ,22622,0, , 
S11,128676712866759,12866759, ,25057,0, , 
RE6,128680712866784,12866784, ,2631,0, , 
S10,128681112866788,12866788, ,25158,0, , 
S1,128681512866792,12866792, ,24176,0, , 
S6,128682012866797,12866797, ,24681,0, , 
S11,128682812866800,12866800, ,25061,0, , 
R14,128684312866813,12866813, ,25835,0, , 
R14,128684412866814,12866814, ,25842,0, , 
RE8,128685612866825,12866825, ,2840,0, , 
S7,128688212866846,12866846, ,24756,0, , 
XP1,128463012865410,12865410, ,900391,0, , 
S2,128483612859693,12859693, ,932632,0, , 
S4,128480412862615,12862615, ,901709,0, , 
R17,128696512866901,12866901, ,900122,0, , 
R3,128410712865074,12865074, ,910988,0, , 
R22,128413812859052,12859052, ,912068,0, , 
R27,128445712865308,12865308, ,900270,0, , 
S4,128449912865326,12865326, ,900729,0, , 
S4,128473312865477,12865477, ,900731,0, , 
R27,128486812865576,12865576, ,900232,0, , 
S2,128472712859591,12859591, ,932648,0, , 
R16,128416212862094,12862094, ,901626,0, , 
R22,128421212865137,12865137, ,910072,0, , 
XP1,128457312865373,12865373, ,900356,0, , 
R6,128562612866013,12866013, ,10612,0, , 
XP1,128475712865494,12865494, ,900345,0, , 
S3,128426012865171,12865171, ,900835,0, , 
R27,128432812865219,12865219, ,900283,0, , 
R27,128440612862283,12862283, ,901224,0, , 
R22,128478412862599,12862599, ,911081,0, , 
S6,128548412865922,12865922, ,24707,0, , 
S4,128434812865232,12865232, ,900791,0, , 
S3,128468712865449,12865449, ,900862,0, , 
RE7,128408912862036,12862036, ,901128,0, , 
S13,128536912865854,12865854, ,24392,0, , 
R22,128422512865146,12865146, ,910032,0, , 
XP1,128425712865169,12865169, ,900340,0, , 
XP1,128458012865379,12865379, ,900329,0, , 
S4,128476112865498,12865498, ,900787,0, , 
R6,128631612866461,12866461, ,10614,0, , 
R28,128429912865195,12865195, ,910376,0, , 
R16,128454712865358,12865358, ,900668,0, , 
R28,128462312865404,12865404, ,910340,0, , 
S4,128435512865238,12865238, ,900749,0, , 
R7,128574312866091,12866091, ,2697,0, , 
S9,128478912862603,12862603, ,931418,0, , 
S2,128412712859042,12859042, ,932620,0, , 
R3,128462112865402,12865402, ,910909,0, , 
R22,128418112865121,12865121, ,900052,0, , 
R17,128421512865139,12865139, ,900176,0, , 
R3,128451612859399,12859399, ,912919,0, , 
R17,128465212862496,12862496, ,901143,0, , 
R22,128415112859064,12859064, ,912075,0, , 
R16,128425612865168,12865168, ,900678,0, , 
R17,128432612865217,12865217, ,900140,0, , 
R16,128442812865286,12865286, ,900652,0, , 
R3,128457112862427,12862427, ,901977,0, , 
XP1,128461112865397,12865397, ,900313,0, , 
R17,128470312865459,12865459, ,900155,0, , 
R28,128484512865549,12865549, ,910352,0, , 
R3,128487612865583,12865583, ,900940,0, , 
S2,128421412859118,12859118, ,932636,0, , 
RE7,128422312859126,12859126, ,902116,0, , 
R22,128424812862159,12862159, ,911078,0, , 
R6,128553512865955,12865955, ,10629,0, , 
R17,128486012865564,12865564, ,900191,0, , 
R16,128434112865226,12865226, ,900681,0, , 
R16,128486612865574,12865574, ,900677,0, , 
S3,128462012865401,12865401, ,900826,0, , 
XP2,128459212865384,12865384, ,910342,0, , 
R27,128473912865482,12865482, ,900265,0, , 
S4,128476212865499,12865499, ,900788,0, , 
R3,128694912864372,12864372, ,901919,0, , 
S4,128419812865131,12865131, ,900786,0, , 
S3,128455712865364,12865364, ,900848,0, , 
R6,128682712866799,12866799, ,10637,0, , 
R17,128466312865433,12865433, ,900187,0, , 
XP1,128467712865442,12865442, ,900334,0, , 
R27,128451112865337,12865337, ,900259,0, , 
RE1,128436012859255,12859255, ,902065,0, , 
R3,128466912862510,12862510, ,901928,0, , 
XP2,128414712865097,12865097, ,910330,0, , 
XP2,128407912865054,12865054, ,910350,0, , 
XP1,128414812865098,12865098, ,900355,0, , 
R17,128482412865540,12865540, ,900126,0, , 
RE6,128610812860781,12860781, ,2619,0, , 
S11,128613012860800,12860800, ,25223,0, , 
R21,128686812861472,12861472, ,25306,0, , 
R25,128582412863398,12863398, ,11277,0, , 
R35,128586012863429,12863429, ,10584,0, , 
R4,128588012863443,12863443, ,10938,0, , 
RE6,128659912864062,12864062, ,2656,0, , 
R7,128663412864092,12864092, ,10715,0, , 
R31,128666612864118,12864118, ,10021,0, , 
R37,128669812864145,12864145, ,10780,0, , 
R31,128671612864161,12864161, ,10066,0, , 
S40,128675012864189,12864189, ,25426,0, , 
R36,128676512864198,12864198, ,10682,0, , 
S11,128677512864205,12864205, ,25043,0, , 
S11,128687512864295,12864295, ,25078,0, , 
S40,128691612864332,12864332, ,25430,0, , 
S50,128397712865000,12865000, ,25583,0, , 
S50,128397912865002,12865002, ,25587,0, , 
S50,128397312865006,12865006, ,25575,0, , 
R12,128513012865703,12865703, ,10290,0, , 
R8,128513412865707,12865707, ,10822,0, , 
R38,128514012865709,12865709, ,10885,0, , 
S6,128515712865717,12865717, ,24660,0, , 
S1,128518112865734,12865734, ,24113,0, , 
S5,128518312865736,12865736, ,24510,0, , 
S6,128519412865744,12865744, ,24675,0, , 
RE4,128519912865747,12865747, ,2414,0, , 
RE2,128522112865755,12865755, ,2244,0, , 
S6,128522512865757,12865757, ,24648,0, , 
R8,128523812865765,12865765, ,10826,0, , 
S13,128524212865768,12865768, ,24337,0, , 
R1,128528912865795,12865795, ,10142,0, , 
RE8,128529512865800,12865800, ,2855,0, , 
RE2,128529712865802,12865802, ,2216,0, , 
S13,128530412865809,12865809, ,24339,0, , 
R31,128532112865823,12865823, ,10056,0, , 
RE5,128532912865828,12865828, ,2528,0, , 
R36,128533012865829,12865829, ,10663,0, , 
S7,128533712865835,12865835, ,24733,0, , 
R7,128534412865838,12865838, ,10724,0, , 
R35,128535712865845,12865845, ,10583,0, , 
R4,128535912865846,12865846, ,10930,0, , 
S13,128539512865869,12865869, ,24371,0, , 
S13,128539612865870,12865870, ,24382,0, , 
S50,128539912865871,12865871, ,25565,0, , 
S5,128540812865877,12865877, ,24584,0, , 
R7,128544612865899,12865899, ,10743,0, , 
R6,128545812865906,12865906, ,10613,0, , 
S8,128546212865908,12865908, ,24824,0, , 
S5,128546312865909,12865909, ,24539,0, , 
R38,128547212865914,12865914, ,10879,0, , 
R39,128547612865918,12865918, ,10797,0, , 
RE11,128549512865930,12865930, ,2178,0, , 
S5,128551312865940,12865940, ,24513,0, , 
RE8,128552312865948,12865948, ,2828,0, , 
RE2,128553012865952,12865952, ,2234,0, , 
S6,128556612865979,12865979, ,24631,0, , 
R14,128561312866006,12866006, ,25875,0, , 
R31,128561612866008,12866008, ,10069,0, , 
R31,128563812866021,12866021, ,10065,0, , 
S13,128566112866035,12866035, ,24356,0, , 
S6,128566612866039,12866039, ,24627,0, , 
S5,128570412866070,12866070, ,24570,0, , 
RE2,128570512866071,12866071, ,2226,0, , 
S9,128573312866085,12866085, ,24916,0, , 
S11,128575912866102,12866102, ,25032,0, , 
S6,128576012866103,12866103, ,24661,0, , 
R1,128577012866112,12866112, ,10135,0, , 
R4,128578612866124,12866124, ,10932,0, , 
S1,128578712866125,12866125, ,24181,0, , 
RE4,128579812866131,12866131, ,2439,0, , 
S6,128580712866137,12866137, ,24621,0, , 
RE10,128583312866156,12866156, ,25510,0, , 
R34,128583812866158,12866158, ,10458,0, , 
S1,128588612866187,12866187, ,24142,0, , 
R2,128590512866196,12866196, ,22642,0, , 
S11,128591712866206,12866206, ,25029,0, , 
S8,128594012866220,12866220, ,24845,0, , 
R11,128595612866231,12866231, ,10183,0, , 
S1,128596212866235,12866235, ,24154,0, , 
R21,128599912866257,12866257, ,25323,0, , 
R28,128600612866261,12866261, ,2960,0, , 
R37,128601212866265,12866265, ,10783,0, , 
R11,128601612866267,12866267, ,10173,0, , 
RE5,128604312866285,12866285, ,2545,0, , 
R38,128605412866290,12866290, ,10869,0, , 
S6,128608112866309,12866309, ,24614,0, , 
R14,128609812866321,12866321, ,25818,0, , 
RE5,128610312866324,12866324, ,2517,0, , 
R8,128611212866328,12866328, ,10835,0, , 
S9,128611312866329,12866329, ,24956,0, , 
S6,128611712866332,12866332, ,24623,0, , 
S6,128613312866346,12866346, ,24616,0, , 
R28,128613812866350,12866350, ,2980,0, , 
S10,128615112866361,12866361, ,25148,0, , 
R4,128615412866362,12866362, ,10935,0, , 
S13,128616512866367,12866367, ,24328,0, , 
S8,128621912866399,12866399, ,24825,0, , 
R14,128622112866401,12866401, ,25815,0, , 
XP2,128623112866408,12866408, ,2942,0, , 
S10,128625712866421,12866421, ,25162,0, , 
R38,128626512866425,12866425, ,10878,0, , 
RE8,128627712866433,12866433, ,2816,0, , 
R38,128628112866437,12866437, ,10866,0, , 
RE8,128628412866439,12866439, ,2817,0, , 
S8,128629712866447,12866447, ,24857,0, , 
S6,128631012866456,12866456, ,24665,0, , 
RE10,128633112866471,12866471, ,25512,0, , 
RE2,128634812866477,12866477, ,2235,0, , 
S11,128634912866478,12866478, ,25064,0, , 
R13,128639312866509,12866509, ,10333,0, , 
R6,128640312866517,12866517, ,10636,0, , 
R31,128640712866519,12866519, ,10045,0, , 
S6,128641212866523,12866523, ,24644,0, , 
R7,128642112866530,12866530, ,10738,0, , 
R34,128643112866538,12866538, ,10475,0, , 
R28,128644012866545,12866545, ,2932,0, , 
RE10,128646512866556,12866556, ,25532,0, , 
R4,128648912866574,12866574, ,10916,0, , 
RE8,128650312866585,12866585, ,2834,0, , 
R11,128651412866594,12866594, ,10154,0, , 
R28,128651612866596,12866596, ,2944,0, , 
R4,128652412866601,12866601, ,10936,0, , 
S11,128655012866616,12866616, ,25041,0, , 
R28,128655212866618,12866618, ,2976,0, , 
R14,128655912866621,12866621, ,25870,0, , 
S11,128657712866638,12866638, ,25085,0, , 
R13,128658212866642,12866642, ,10339,0, , 
S11,128658612866644,12866644, ,25036,0, , 
S1,128660112866655,12866655, ,24152,0, , 
RE4,128660812866660,12866660, ,2427,0, , 
R11,128663812866676,12866676, ,10182,0, , 
RE11,128665712866689,12866689, ,2175,0, , 
R6,128689912861501,12861501, ,10605,0, , 
R31,128591412863474,12863474, ,10026,0, , 
R11,128592212863482,12863482, ,10160,0, , 
S11,128595412863510,12863510, ,25054,0, , 
R38,128546412860188,12860188, ,10899,0, , 
RE2,128547712860200,12860200, ,2271,0, , 
S6,128553212860246,12860246, ,24633,0, , 
RE10,128554912860259,12860259, ,25201,0, , 
R31,128631112860968,12860968, ,10067,0, , 
S40,128521412862884,12862884, ,25418,0, , 
S40,128521812862888,12862888, ,25432,0, , 
S40,128522812862896,12862896, ,25422,0, , 
R18,128526512862921,12862921, ,10434,0, , 
S8,128604712863586,12863586, ,24830,0, , 
R40,128605312863589,12863589, ,10001,0, , 
R31,128609412863622,12863622, ,10063,0, , 
R25,128610912863634,12863634, ,11256,0, , 
S2,128565212860353,12860353, ,24238,0, , 
R18,128531212862963,12862963, ,10437,0, , 
R41,128614112863663,12863663, ,10979,0, , 
R18,128614612863668,12863668, ,10431,0, , 
S1,128618212863699,12863699, ,24134,0, , 
RE6,128571212860413,12860413, ,2608,0, , 
S8,128539712863038,12863038, ,24826,0, , 
R35,128540912863050,12863050, ,10562,0, , 
R34,128619712863710,12863710, ,10480,0, , 
R8,128623712863745,12863745, ,10817,0, , 
R8,128625512863760,12863760, ,10816,0, , 
S11,128545412863090,12863090, ,25039,0, , 
R11,128626712863769,12863769, ,10179,0, , 
S7,128626912863771,12863771, ,24722,0, , 
S11,128628912863789,12863789, ,25086,0, , 
S40,128632712863822,12863822, ,25414,0, , 
R31,128551112863128,12863128, ,10018,0, , 
R31,128635312863844,12863844, ,10070,0, , 
R8,128638312863872,12863872, ,10807,0, , 
RE2,128586612860550,12860550, ,2221,0, , 
R34,128560212863204,12863204, ,10472,0, , 
R11,128565812863254,12863254, ,10159,0, , 
R23,128640512863888,12863888, ,10233,0, , 
S9,128645112863925,12863925, ,24926,0, , 
S5,128597412860662,12860662, ,24585,0, , 
S8,128668612861298,12861298, ,24800,0, , 
R34,128569112863282,12863282, ,10466,0, , 
R31,128647812863949,12863949, ,10080,0, , 
R4,128603012860714,12860714, ,2658,0, , 
R4,128606412860742,12860742, ,2675,0, , 
R21,128675612861358,12861358, ,25303,0, , 
R18,128578112863350,12863350, ,10443,0, , 
R6,128514412859897,12859897, ,10610,0, , 
S11,128516812859920,12859920, ,25221,0, , 
S11,128520812859955,12859955, ,25271,0, , 
S2,128522312859969,12859969, ,24270,0, , 
RE2,128524712859988,12859988, ,2262,0, , 
S11,128514512862828,12862828, ,25067,0, , 
S11,128590112863461,12863461, ,25023,0, , 
S11,128596112863516,12863516, ,25063,0, , 
S11,128650612863989,12863989, ,25066,0, , 
S11,128656812864038,12864038, ,25030,0, , 
S11,128679112864218,12864218, ,25026,0, , 
R31,128538512865862,12865862, ,10028,0, , 
S5,128571612866079,12866079, ,24506,0, , 
S5,128574712866094,12866094, ,24503,0, , 
S1,128605012866289,12866289, ,24098,0, , 
R11,128630012866450,12866450, ,10192,0, , 
R11,128636712866492,12866492, ,10190,0, , 
S1,128657912866640,12866640, ,24022,0, , 
S9,128659612866652,12866652, ,24992,0, , 
S5,128673412866741,12866741, ,24500,0, , 
RE4,128665912866691,12866691, ,2431,0, , 
S6,128667312866701,12866701, ,24615,0, , 
S5,128669012866709,12866709, ,24563,0, , 
RE2,128672912866737,12866737, ,2228,0, , 
R21,128673012866738,12866738, ,25343,0, , 
R4,128673712866743,12866743, ,10926,0, , 
S6,128676412866757,12866757, ,24613,0, , 
R11,128677412866762,12866762, ,10161,0, , 
R35,128679412866775,12866775, ,10582,0, , 
R2,128679912866779,12866779, ,22650,0, , 
S13,128680912866786,12866786, ,24355,0, , 
R38,128681012866787,12866787, ,10872,0, , 
R8,128681212866789,12866789, ,10842,0, , 
S13,128681412866791,12866791, ,24316,0, , 
S7,128681612866793,12866793, ,24748,0, , 
RE10,128683212866803,12866803, ,25511,0, , 
S50,128683812866808,12866808, ,25581,0, , 
RE8,128685212866821,12866821, ,2824,0, , 
RE8,128685312866822,12866822, ,2827,0, , 
RE10,128687412866841,12866841, ,25517,0, , 
R34,128687912866843,12866843, ,10459,0, , 
RE5,128690212866857,12866857, ,2565,0, , 
R7,128690312866858,12866858, ,10734,0, , 
R22,128425312859156,12859156, ,912082,0, , 
RE3,128481012865530,12865530, ,900963,0, , 
R17,128486912859716,12859716, ,902185,0, , 
R22,128477612862594,12862594, ,901011,0, , 
R17,128411012862056,12862056, ,901139,0, , 
S4,128408412865057,12865057, ,900785,0, , 
S9,128447712862355,12862355, ,931442,0, , 
XP1,128455612865363,12865363, ,900305,0, , 
XP1,128460412865391,12865391, ,900365,0, , 
R16,128472112862550,12862550, ,901654,0, , 
R17,128412312865085,12865085, ,900179,0, , 
S4,128475412859617,12859617, ,902752,0, , 
S9,128429112862190,12862190, ,931458,0, , 
R17,128426612865176,12865176, ,900117,0, , 
R17,128471512859580,12859580, ,902118,0, , 
R22,128418912859096,12859096, ,912085,0, , 
R3,128413312862071,12862071, ,901952,0, , 
R16,128418512865123,12865123, ,900618,0, , 
S4,128432912859225,12859225, ,902734,0, , 
S9,128413712862075,12862075, ,931450,0, , 
R17,128427912862182,12862182, ,901115,0, , 
R3,128474312859607,12859607, ,912932,0, , 
R22,128412512865086,12865086, ,900078,0, , 
R21,128663212866674,12866674, ,25305,0, , 
S3,128424212865159,12865159, ,900872,0, , 
S4,128426212859165,12859165, ,902748,0, , 
S3,128460712865394,12865394, ,900861,0, , 
S50,128472912865475,12865475, ,928334,0, , 
S3,128454212865356,12865356, ,900829,0, , 
R22,128432112865213,12865213, ,900046,0, , 
XP1,128437412865250,12865250, ,900325,0, , 
XP1,128448912865323,12865323, ,900379,0, , 
XP1,128455112865361,12865361, ,900312,0, , 
RE7,128464912865424,12865424, ,900125,0, , 
R28,128466512865435,12865435, ,910348,0, , 
RE3,128416712865111,12865111, ,900970,0, , 
R17,128430212862200,12862200, ,901144,0, , 
S3,128446712865310,12865310, ,900827,0, , 
S4,128439012859282,12859282, ,902746,0, , 
R28,128427512865181,12865181, ,910360,0, , 
S2,128693012861526,12861526, ,932652,0, , 
S50,128421312865138,12865138, ,928382,0, , 
XP1,128447412865315,12865315, ,900354,0, , 
S3,128447812865318,12865318, ,900876,0, , 
XP1,128475812865495,12865495, ,900353,0, , 
XP1,128481512865534,12865534, ,900382,0, , 
R16,128431112862207,12862207, ,901659,0, , 
R17,128440212862280,12862280, ,901174,0, , 
S3,128431312865206,12865206, ,900837,0, , 
R27,128485912865563,12865563, ,900273,0, , 
XP1,128487212865579,12865579, ,900311,0, , 
R27,128411812865080,12865080, ,900260,0, , 
R22,128441712862292,12862292, ,901037,0, , 
R22,128440112859292,12859292, ,912026,0, , 
S4,128423112859134,12859134, ,902736,0, , 
RE1,128410312865072,12865072, ,900058,0, , 
R17,128410412865073,12865073, ,900141,0, , 
R28,128414912865099,12865099, ,910312,0, , 
R22,128414412865095,12865095, ,900035,0, , 
R17,128433812862227,12862227, ,901181,0, , 
R3,128448612865321,12865321, ,900918,0, , 
S50,128461612865399,12865399, ,928354,0, , 
S4,128442012859310,12859310, ,902726,0, , 
XP1,128469012865451,12865451, ,900351,0, , 
S2,128447212859359,12859359, ,932644,0, , 
RE1,128692112866870,12866870, ,900019,0, , 
R22,128454012862405,12862405, ,901054,0, , 
R27,128436312865243,12865243, ,900266,0, , 
S3,128450712865333,12865333, ,900893,0, , 
R17,128475612865493,12865493, ,900145,0, , 
RE1,128448512859371,12859371, ,902071,0, , 
S3,128423312865152,12865152, ,900842,0, , 
RE1,128431512865208,12865208, ,900030,0, , 
XP2,128429812865194,12865194, ,910354,0, , 
S3,128694112866885,12866885, ,900855,0, , 
R27,128425212865165,12865165, ,900217,0, , 
S2,128427612859178,12859178, ,932642,0, , 
R16,128443012865288,12865288, ,900648,0, , 
S2,128443512859324,12859324, ,932682,0, , 
S4,128465412865427,12865427, ,900733,0, , 
R16,128478812865516,12865516, ,900647,0, , 
S3,128487112865578,12865578, ,900871,0, , 
R27,128696112866900,12866900, ,900276,0, , 
S9,128584712863417,12863417, ,24919,0, , 
S11,128589112863452,12863452, ,25058,0, , 
S8,128655712864028,12864028, ,24858,0, , 
RE8,128657412864043,12864043, ,2811,0, , 
R25,128660412864067,12864067, ,11252,0, , 
R40,128667912864130,12864130, ,10004,0, , 
R1,128672812864172,12864172, ,10107,0, , 
R12,128674312864184,12864184, ,10294,0, , 
S7,128678212864211,12864211, ,24717,0, , 
S1,128689112864310,12864310, ,24126,0, , 
S50,128398012864999,12864999, ,25588,0, , 
S50,128398112865003,12865003, ,25592,0, , 
S50,128396712865007,12865007, ,25563,0, , 
S50,128396812865008,12865008, ,25564,0, , 
S50,128397112865011,12865011, ,25571,0, , 
S50,128396912865013,12865013, ,25567,0, , 
R13,128487712865584,12865584, ,10313,0, , 
R2,128513212865705,12865705, ,22662,0, , 
R34,128515112865713,12865713, ,10454,0, , 
S6,128515812865718,12865718, ,24619,0, , 
R14,128516312865722,12865722, ,25866,0, , 
R38,128517012865725,12865725, ,10883,0, , 
RE6,128523912865766,12865766, ,2622,0, , 
S1,128525412865775,12865775, ,24032,0, , 
R36,128527712865787,12865787, ,10666,0, , 
R13,128531112865815,12865815, ,10317,0, , 
RE8,128531712865820,12865820, ,2820,0, , 
R13,128536412865851,12865851, ,10327,0, , 
R4,128538212865859,12865859, ,10939,0, , 
R38,128541512865882,12865882, ,10860,0, , 
R1,128544412865898,12865898, ,10127,0, , 
RE10,128545512865905,12865905, ,25518,0, , 
S7,128546012865907,12865907, ,24729,0, , 
R38,128549912865932,12865932, ,10854,0, , 
S6,128551612865942,12865942, ,24670,0, , 
XP2,128554012865959,12865959, ,2958,0, , 
R37,128554412865962,12865962, ,10774,0, , 
S1,128555712865972,12865972, ,24182,0, , 
RE6,128556212865975,12865975, ,2648,0, , 
R31,128559312865993,12865993, ,10044,0, , 
R6,128559712865995,12865995, ,10615,0, , 
S5,128560412865998,12865998, ,24569,0, , 
RE2,128561112866004,12866004, ,2243,0, , 
S5,128561512866007,12866007, ,24519,0, , 
RE6,128566912866040,12866040, ,2613,0, , 
RE11,128567112866042,12866042, ,2158,0, , 
R2,128567312866044,12866044, ,22651,0, , 
R2,128568212866056,12866056, ,22670,0, , 
R7,128568712866060,12866060, ,10741,0, , 
R13,128570112866067,12866067, ,10316,0, , 
R1,128570912866074,12866074, ,10134,0, , 
S13,128577512866115,12866115, ,24344,0, , 
S6,128582112866147,12866147, ,24666,0, , 
RE2,128582912866152,12866152, ,2220,0, , 
R13,128584812866165,12866165, ,10310,0, , 
S11,128585912866172,12866172, ,25044,0, , 
RE10,128588312866185,12866185, ,25524,0, , 
R21,128589612866190,12866190, ,25352,0, , 
S10,128594412866222,12866222, ,25166,0, , 
RE2,128595312866229,12866229, ,2214,0, , 
RE6,128595512866230,12866230, ,2638,0, , 
S13,128596612866238,12866238, ,24331,0, , 
S13,128598612866251,12866251, ,24362,0, , 
S8,128599112866253,12866253, ,24849,0, , 
S8,128599612866254,12866254, ,24852,0, , 
R35,128600512866260,12866260, ,10589,0, , 
RE5,128602512866273,12866273, ,2560,0, , 
R38,128602812866274,12866274, ,10865,0, , 
R1,128603812866282,12866282, ,10110,0, , 
S6,128606512866295,12866295, ,24647,0, , 
RE6,128607512866303,12866303, ,2646,0, , 
RE4,128607812866306,12866306, ,2415,0, , 
RE2,128608212866310,12866310, ,2245,0, , 
S11,128608312866311,12866311, ,25060,0, , 
RE8,128608612866312,12866312, ,2832,0, , 
S11,128608912866314,12866314, ,25037,0, , 
R34,128609912866322,12866322, ,10483,0, , 
RE13,128612112866336,12866336, ,2385,0, , 
S6,128613112866344,12866344, ,24682,0, , 
RE13,128613212866345,12866345, ,2356,0, , 
RE4,128613612866348,12866348, ,2419,0, , 
S10,128616312866366,12866366, ,25186,0, , 
S13,128620012866384,12866384, ,24340,0, , 
R34,128622812866406,12866406, ,10471,0, , 
RE8,128624612866417,12866417, ,2843,0, , 
R7,128625012866419,12866419, ,10719,0, , 
R7,128627012866428,12866428, ,10729,0, , 
S8,128629812866448,12866448, ,24844,0, , 
RE11,128632012866465,12866465, ,2169,0, , 
R11,128635012866479,12866479, ,10169,0, , 
R37,128635212866481,12866481, ,10770,0, , 
R13,128635712866484,12866484, ,10319,0, , 
S6,128635912866487,12866487, ,24663,0, , 
R21,128637412866496,12866496, ,25333,0, , 
R14,128638012866502,12866502, ,25854,0, , 
S5,128640112866516,12866516, ,24530,0, , 
RE2,128641012866522,12866522, ,2237,0, , 
S11,128641912866528,12866528, ,25065,0, , 
R11,128644212866546,12866546, ,10165,0, , 
S13,128645612866552,12866552, ,24365,0, , 
S9,128646812866559,12866559, ,24980,0, , 
S5,128647112866562,12866562, ,24545,0, , 
RE8,128651712866597,12866597, ,2818,0, , 
R6,128656212866624,12866624, ,10630,0, , 
S6,128656912866635,12866635, ,24672,0, , 
S11,128659012866647,12866647, ,25076,0, , 
S6,128660012866654,12866654, ,24617,0, , 
RE6,128662212866668,12866668, ,2643,0, , 
R37,128662612866671,12866671, ,10767,0, , 
S5,128664512866680,12866680, ,24560,0, , 
R2,128664612866681,12866681, ,22631,0, , 
S5,128665212866684,12866684, ,24514,0, , 
R31,128665612866688,12866688, ,10076,0, , 
S13,128665812866690,12866690, ,24359,0, , 
RE2,128543112860158,12860158, ,2280,0, , 
R18,128589512863455,12863455, ,10429,0, , 
R2,128589812863458,12863458, ,22673,0, , 
R25,128594812863504,12863504, ,11250,0, , 
RE13,128550412860221,12860221, ,2360,0, , 
S2,128626112860922,12860922, ,24274,0, , 
R5,128516612862846,12862846, ,10513,0, , 
R18,128517812862855,12862855, ,10441,0, , 
S11,128520312862876,12862876, ,25055,0, , 
S1,128602112863565,12863565, ,24136,0, , 
R1,128602412863567,12863567, ,10143,0, , 
R38,128557412860280,12860280, ,10852,0, , 
R36,128525212862912,12862912, ,10691,0, , 
S11,128526112862918,12862918, ,25062,0, , 
R41,128605112863588,12863588, ,10980,0, , 
R39,128605912863593,12863593, ,10791,0, , 
S40,128608512863615,12863615, ,25468,0, , 
S5,128532612862976,12862976, ,24535,0, , 
R11,128615212863674,12863674, ,10167,0, , 
S40,128615312863675,12863675, ,25476,0, , 
S7,128616412863684,12863684, ,24724,0, , 
S40,128617812863695,12863695, ,25412,0, , 
RE8,128617912863696,12863696, ,2857,0, , 
R18,128618012863697,12863697, ,10416,0, , 
S13,128572012860419,12860419, ,24336,0, , 
S2,128572712860424,12860424, ,24268,0, , 
R2,128643212861076,12861076, ,22634,0, , 
RE13,128536712863012,12863012, ,2333,0, , 
R41,128537612863019,12863019, ,10973,0, , 
R18,128619312863707,12863707, ,10414,0, , 
S5,128622412863733,12863733, ,24548,0, , 
S8,128623512863743,12863743, ,24827,0, , 
R23,128625112863756,12863756, ,10234,0, , 
R2,128626412863766,12863766, ,22616,0, , 
R31,128544512863081,12863081, ,10062,0, , 
RE13,128545612863092,12863092, ,2323,0, , 
R31,128549312863117,12863117, ,10025,0, , 
S11,128627212863774,12863774, ,25035,0, , 
S1,128632812863823,12863823, ,24118,0, , 
S5,128633312863828,12863828, ,24540,0, , 
RE2,128589412860588,12860588, ,2222,0, , 
S2,128592712860620,12860620, ,24222,0, , 
S13,128662812861249,12861249, ,24333,0, , 
R4,128665112861269,12861269, ,10944,0, , 
R11,128559012863193,12863193, ,10157,0, , 
R21,128559612863199,12863199, ,25324,0, , 
S11,128561912863219,12863219, ,25050,0, , 
S9,128565312863249,12863249, ,24924,0, , 
S11,128565512863251,12863251, ,25051,0, , 
S11,128644612863922,12863922, ,25075,0, , 
S2,128668912861301,12861301, ,24266,0, , 
S8,128651812864000,12864000, ,24871,0, , 
RE2,128600012860684,12860684, ,2253,0, , 
R11,128574912863324,12863324, ,10180,0, , 
S9,128580212863366,12863366, ,24952,0, , 
S9,128581412863376,12863376, ,24946,0, , 
R4,128399212858915,12858915, ,10907,0, , 
RE2,128520912859956,12859956, ,2275,0, , 
R31,128524112859983,12859983, ,10095,0, , 
R6,128534312860076,12860076, ,10604,0, , 
RE6,128522912865760,12865760, ,2682,0, , 
R31,128523012865761,12865761, ,10060,0, , 
S1,128531912865821,12865821, ,24019,0, , 
S1,128533612865834,12865834, ,24017,0, , 
S1,128551712865943,12865943, ,24028,0, , 
S5,128554512865963,12865963, ,24502,0, , 
S1,128575612866099,12866099, ,24023,0, , 
R31,128581912866145,12866145, ,10072,0, , 
S1,128619612866382,12866382, ,24095,0, , 
S1,128661612866665,12866665, ,24021,0, , 
S5,128666812866697,12866697, ,24593,0, , 
S5,128669312866711,12866711, ,24507,0, , 
S1,128676312866756,12866756, ,24094,0, , 
R13,128678312866767,12866767, ,10329,0, , 
RE2,128666312866694,12866694, ,2219,0, , 
R1,128667612866704,12866704, ,10133,0, , 
S6,128668412866707,12866707, ,24656,0, , 
R7,128669712866715,12866715, ,10728,0, , 
S7,128672512866735,12866735, ,24749,0, , 
RE6,128676212866755,12866755, ,2633,0, , 
S6,128676612866758,12866758, ,24678,0, , 
RE5,128679212866774,12866774, ,2516,0, , 
R36,128680012866780,12866780, ,10667,0, , 
S10,128680312866782,12866782, ,25170,0, , 
S9,128689012866850,12866850, ,24920,0, , 
R6,128689512866852,12866852, ,10634,0, , 
S50,128689612866853,12866853, ,25561,0, , 
R22,128425412865166,12865166, ,900083,0, , 
S50,128442912865287,12865287, ,928390,0, , 
RE1,128466812865438,12865438, ,900075,0, , 
R22,128469112865452,12865452, ,910073,0, , 
R17,128477712859639,12859639, ,902162,0, , 
RE3,128411612865079,12865079, ,900978,0, , 
S50,128416112865108,12865108, ,928368,0, , 
S9,128466212862503,12862503, ,931432,0, , 
R17,128460312865390,12865390, ,900178,0, , 
S3,128474812865488,12865488, ,900821,0, , 
S3,128412012865082,12865082, ,900806,0, , 
XP1,128445212865304,12865304, ,900321,0, , 
XP1,128468912865450,12865450, ,900344,0, , 
S2,128471912859583,12859583, ,932674,0, , 
R22,128692212866871,12866871, ,900084,0, , 
S9,128454412862408,12862408, ,931472,0, , 
XP1,128439412865262,12865262, ,900390,0, , 
R28,128425912865170,12865170, ,910388,0, , 
S2,128441612859306,12859306, ,932670,0, , 
R22,128485012865554,12865554, ,900029,0, , 
S4,128412112865083,12865083, ,900735,0, , 
S4,128423012865150,12865150, ,900759,0, , 
S2,128483512859692,12859692, ,932630,0, , 
R16,128409512865065,12865065, ,900632,0, , 
R28,128412212865084,12865084, ,910318,0, , 
S6,128517412865728,12865728, ,24709,0, , 
XP1,128436112865241,12865241, ,900371,0, , 
R16,128470512865461,12865461, ,900643,0, , 
S4,128472012859584,12859584, ,902750,0, , 
R16,128423512862146,12862146, ,901670,0, , 
S4,128416312859075,12859075, ,902778,0, , 
S3,128442512865282,12865282, ,900838,0, , 
R3,128464712862491,12862491, ,901913,0, , 
S4,128463212859502,12859502, ,902728,0, , 
RE3,128415412865103,12865103, ,900971,0, , 
R16,128427412865180,12865180, ,900636,0, , 
S3,128435112865235,12865235, ,900830,0, , 
XP1,128463912865416,12865416, ,900309,0, , 
S4,128471612865469,12865469, ,900761,0, , 
XP1,128406912865047,12865047, ,900361,0, , 
R16,128407012862020,12862020, ,901614,0, , 
XP1,128421812865141,12865141, ,900389,0, , 
R6,128522712865759,12865759, ,10623,0, , 
R17,128407312862023,12862023, ,901148,0, , 
XP1,128408612865059,12865059, ,900315,0, , 
S6,128555812865973,12865973, ,24705,0, , 
R17,128431712865209,12865209, ,900144,0, , 
XP1,128462212865403,12865403, ,900304,0, , 
S4,128410112865070,12865070, ,900723,0, , 
S3,128425112865164,12865164, ,900859,0, , 
S9,128453212862398,12862398, ,931434,0, , 
S4,128411712859032,12859032, ,902762,0, , 
R27,128435712865239,12865239, ,900214,0, , 
R22,128457812862433,12862433, ,911012,0, , 
XP1,128477312865507,12865507, ,900392,0, , 
R16,128482312865539,12865539, ,900625,0, , 
R17,128482512865541,12865541, ,900169,0, , 
XP2,128407112865048,12865048, ,910358,0, , 
R16,128415212865101,12865101, ,900631,0, , 
XP1,128431212865205,12865205, ,900314,0, , 
XP1,128439212865260,12865260, ,900331,0, , 
S6,128641512866525,12866525, ,24703,0, , 
S4,128458212859458,12859458, ,902720,0, , 
S9,128452212862391,12862391, ,931474,0, , 
R16,128463412865412,12865412, ,900680,0, , 
XP1,128464312865419,12865419, ,900367,0, , 
S4,128438312859277,12859277, ,902772,0, , 
S50,128467812865443,12865443, ,928330,0, , 
R22,128470012865457,12865457, ,910015,0, , 
R22,128420312859108,12859108, ,912062,0, , 
S6,128679512866776,12866776, ,24706,0, , 
XP1,128422412865145,12865145, ,900385,0, , 
R16,128422912865149,12865149, ,900676,0, , 
XP1,128426712865177,12865177, ,900375,0, , 
R16,128424412865161,12865161, ,900660,0, , 
R27,128451712865341,12865341, ,900240,0, , 
R17,128486212865566,12865566, ,900135,0, , 
S4,128482612865542,12865542, ,900737,0, , 
RE6,128684712861451,12861451, ,2606,0, , 
S7,128658712864054,12864054, ,24734,0, , 
S8,128663612864093,12864093, ,24854,0, , 
S9,128664012864097,12864097, ,24970,0, , 
R5,128664212864098,12864098, ,10517,0, , 
S9,128668512864136,12864136, ,24918,0, , 
RE13,128677212864203,12864203, ,3007,0, , 
S40,128683112864254,12864254, ,25428,0, , 
S40,128688312864303,12864303, ,25408,0, , 
S40,128691112864327,12864327, ,25470,0, , 
S50,128397212865009,12865009, ,25572,0, , 
S50,128397612865010,12865010, ,25580,0, , 
R6,128514612865710,12865710, ,10616,0, , 
R13,128516212865721,12865721, ,10326,0, , 
S13,128517512865729,12865729, ,24357,0, , 
RE11,128519012865742,12865742, ,2154,0, , 
S7,128519112865743,12865743, ,24776,0, , 
RE8,128522212865756,12865756, ,2821,0, , 
R8,128523112865762,12865762, ,10830,0, , 
S13,128523312865763,12865763, ,24358,0, , 
R5,128524412865770,12865770, ,10524,0, , 
RE8,128525812865777,12865777, ,2842,0, , 
R28,128527512865785,12865785, ,2948,0, , 
RE6,128527812865788,12865788, ,2642,0, , 
S8,128529412865799,12865799, ,24889,0, , 
RE11,128529612865801,12865801, ,2170,0, , 
R1,128530512865810,12865810, ,10132,0, , 
S1,128530712865812,12865812, ,24148,0, , 
R38,128533112865830,12865830, ,10857,0, , 
S11,128538312865860,12865860, ,25077,0, , 
S10,128538412865861,12865861, ,25154,0, , 
S8,128539212865867,12865867, ,24873,0, , 
R6,128540712865876,12865876, ,10622,0, , 
R38,128542412865886,12865886, ,10856,0, , 
R13,128542912865889,12865889, ,10308,0, , 
RE8,128544112865895,12865895, ,2815,0, , 
R11,128547112865913,12865913, ,10174,0, , 
R2,128547512865917,12865917, ,22619,0, , 
RE6,128548612865924,12865924, ,2634,0, , 
RE10,128550712865936,12865936, ,25509,0, , 
RE2,128551012865938,12865938, ,2213,0, , 
R35,128552412865949,12865949, ,10564,0, , 
S5,128553412865954,12865954, ,24518,0, , 
R13,128554112865960,12865960, ,10334,0, , 
R38,128554612865964,12865964, ,10873,0, , 
R1,128555612865971,12865971, ,10130,0, , 
S50,128556812865981,12865981, ,25554,0, , 
R8,128560512865999,12865999, ,10801,0, , 
S1,128561212866005,12866005, ,24172,0, , 
S13,128564012866023,12866023, ,24323,0, , 
RE10,128564212866025,12866025, ,25523,0, , 
S13,128566512866038,12866038, ,24351,0, , 
R14,128567212866043,12866043, ,25834,0, , 
XP2,128567612866045,12866045, ,2954,0, , 
R1,128568412866058,12866058, ,10128,0, , 
R31,128570812866073,12866073, ,10037,0, , 
XP2,128575712866100,12866100, ,2918,0, , 
S13,128575812866101,12866101, ,24348,0, , 
R8,128576512866108,12866108, ,10838,0, , 
R1,128578412866122,12866122, ,10137,0, , 
R35,128579212866128,12866128, ,10578,0, , 
RE4,128579412866129,12866129, ,2434,0, , 
S9,128580012866133,12866133, ,24976,0, , 
RE5,128580512866135,12866135, ,2521,0, , 
R7,128580912866138,12866138, ,10725,0, , 
R5,128581712866143,12866143, ,10516,0, , 
R34,128586212866173,12866173, ,10492,0, , 
S13,128590212866194,12866194, ,24324,0, , 
RE11,128592112866209,12866209, ,2181,0, , 
RE6,128592312866210,12866210, ,2645,0, , 
S1,128593212866214,12866214, ,24168,0, , 
R31,128594212866221,12866221, ,10041,0, , 
RE10,128595812866233,12866233, ,25522,0, , 
R21,128597212866241,12866241, ,25342,0, , 
RE10,128598512866250,12866250, ,25529,0, , 
R6,128600412866259,12866259, ,10631,0, , 
S6,128601912866268,12866268, ,24673,0, , 
R6,128602312866272,12866272, ,10628,0, , 
S7,128603512866279,12866279, ,24760,0, , 
R1,128603612866280,12866280, ,10140,0, , 
RE2,128607612866304,12866304, ,2211,0, , 
R8,128609612866319,12866319, ,10844,0, , 
R13,128610412866325,12866325, ,10330,0, , 
S11,128611912866334,12866334, ,25028,0, , 
R1,128613912866351,12866351, ,10102,0, , 
R11,128614712866357,12866357, ,10178,0, , 
R34,128614912866359,12866359, ,10467,0, , 
S5,128617212866372,12866372, ,24576,0, , 
RE5,128619812866383,12866383, ,2549,0, , 
R14,128621012866392,12866392, ,25819,0, , 
R2,128623012866407,12866407, ,22643,0, , 
S10,128623612866412,12866412, ,25182,0, , 
R31,128626612866426,12866426, ,10073,0, , 
S6,128626812866427,12866427, ,24634,0, , 
R4,128628512866440,12866440, ,10915,0, , 
S5,128629612866446,12866446, ,24553,0, , 
R8,128630312866452,12866452, ,10815,0, , 
RE5,128632112866466,12866466, ,2553,0, , 
R7,128632312866467,12866467, ,10740,0, , 
S5,128632612866468,12866468, ,24556,0, , 
R38,128632912866469,12866469, ,10859,0, , 
S5,128636012866488,12866488, ,24522,0, , 
S10,128637512866497,12866497, ,25178,0, , 
R34,128637812866500,12866500, ,10455,0, , 
RE4,128639512866511,12866511, ,2426,0, , 
S8,128640812866520,12866520, ,24817,0, , 
R11,128641312866524,12866524, ,10162,0, , 
S8,128642212866531,12866531, ,24864,0, , 
S5,128645012866550,12866550, ,24554,0, , 
S11,128646312866555,12866555, ,25024,0, , 
R6,128647912866567,12866567, ,10617,0, , 
S7,128648312866569,12866569, ,24740,0, , 
R28,128648512866571,12866571, ,2916,0, , 
RE2,128648812866573,12866573, ,2233,0, , 
S1,128649212866576,12866576, ,24178,0, , 
RE5,128649812866581,12866581, ,2536,0, , 
S11,128650012866583,12866583, ,25016,0, , 
R35,128653512866605,12866605, ,10566,0, , 
RE6,128654112866610,12866610, ,2637,0, , 
S8,128656012866622,12866622, ,24829,0, , 
XP2,128656412866625,12866625, ,2922,0, , 
S11,128656612866627,12866627, ,25069,0, , 
S6,128657512866636,12866636, ,24645,0, , 
R2,128659212866649,12866649, ,22658,0, , 
RE5,128660612866658,12866658, ,2525,0, , 
S13,128661012866662,12866662, ,24343,0, , 
R39,128663012866673,12866673, ,10796,0, , 
RE2,128539412860122,12860122, ,2279,0, , 
RE13,128545912860183,12860183, ,2362,0, , 
R6,128688512861488,12861488, ,10601,0, , 
R18,128594312863499,12863499, ,10418,0, , 
R38,128548312860204,12860204, ,10898,0, , 
RE2,128552712860241,12860241, ,2257,0, , 
R2,128514312862827,12862827, ,22625,0, , 
R5,128514912862831,12862831, ,10523,0, , 
R18,128599012863535,12863535, ,10432,0, , 
R5,128599412863539,12863539, ,10526,0, , 
S40,128600112863545,12863545, ,25460,0, , 
S9,128600212863546,12863546, ,24950,0, , 
S7,128523612862901,12862901, ,24773,0, , 
R31,128527112862926,12862926, ,10094,0, , 
R31,128606012863594,12863594, ,10098,0, , 
R36,128534112862990,12862990, ,10681,0, , 
R11,128534712862996,12862996, ,10164,0, , 
RE13,128615912863680,12863680, ,2345,0, , 
S8,128616212863682,12863682, ,24879,0, , 
RE5,128572112860420,12860420, ,2566,0, , 
R6,128572312860421,12860421, ,10609,0, , 
S2,128644712861089,12861089, ,24230,0, , 
S8,128537512863018,12863018, ,24818,0, , 
R18,128539012863032,12863032, ,10426,0, , 
R18,128625412863759,12863759, ,10435,0, , 
R40,128626312863765,12863765, ,10009,0, , 
S2,128574012860437,12860437, ,24216,0, , 
R23,128543212863072,12863072, ,10218,0, , 
R37,128630412863803,12863803, ,10755,0, , 
RE2,128581112860500,12860500, ,2298,0, , 
RE13,128586112860545,12860545, ,2313,0, , 
S9,128558912863192,12863192, ,24986,0, , 
S40,128633812863831,12863831, ,25454,0, , 
R34,128634112863833,12863833, ,10465,0, , 
R14,128636812863858,12863858, ,25869,0, , 
S8,128636912863859,12863859, ,24855,0, , 
R6,128588912860583,12860583, ,10602,0, , 
R11,128563412863233,12863233, ,10156,0, , 
R2,128598912860673,12860673, ,22638,0, , 
S8,128571312863300,12863300, ,24842,0, , 
S5,128648112863952,12863952, ,24517,0, , 
R2,128652512864006,12864006, ,22664,0, , 
S8,128652612864007,12864007, ,24863,0, , 
S9,128575412863329,12863329, ,24922,0, , 
R18,128579312863359,12863359, ,10427,0, , 
S2,128526912860009,12860009, ,24246,0, , 
S6,128527312860013,12860013, ,24632,0, , 
S2,128536612860098,12860098, ,24258,0, , 
S9,128484112865545,12865545, ,934432,0, , 
S5,128536512865852,12865852, ,24505,0, , 
S1,128574412866092,12866092, ,24037,0, , 
R31,128611812866333,12866333, ,10024,0, , 
S5,128640912866521,12866521, ,24504,0, , 
S5,128654712866613,12866613, ,24509,0, , 
R31,128664112866678,12866678, ,10023,0, , 
S1,128666512866695,12866695, ,24041,0, , 
S9,128691712866867,12866867, ,934452,0, , 
S7,128670012866717,12866717, ,24761,0, , 
RE10,128670812866724,12866724, ,25534,0, , 
RE8,128671012866725,12866725, ,2874,0, , 
S5,128671412866729,12866729, ,24562,0, , 
S1,128677912866766,12866766, ,24174,0, , 
S8,128678612866770,12866770, ,24821,0, , 
S1,128679012866773,12866773, ,24140,0, , 
R38,128679612866777,12866777, ,10881,0, , 
RE8,128680812866785,12866785, ,2826,0, , 
S13,128681312866790,12866790, ,24370,0, , 
R21,128682912866801,12866801, ,25347,0, , 
RE6,128684912866818,12866818, ,2640,0, , 
RE8,128685512866824,12866824, ,2839,0, , 
XP2,128686312866832,12866832, ,2950,0, , 
R21,128686912866837,12866837, ,25345,0, , 
RE10,128688012866844,12866844, ,25527,0, , 
R5,128688612866847,12866847, ,10536,0, , 
R8,128688812866849,12866849, ,10834,0, , 
RE6,128689412866851,12866851, ,2623,0, , 
RE11,128690012866855,12866855, ,2166,0, , 
R37,128691512866866,12866866, ,10756,0, , 
S,128439612862275,12862275, ,911606,0, , 
S3,128432312865215,12865215, ,900886,0, , 
XP1,128437012865247,12865247, ,900338,0, , 
XP1,128440912865271,12865271, ,900394,0, , 
R16,128456712865370,12865370, ,900640,0, , 
RE3,128472212865471,12865471, ,900939,0, , 
XP2,128485512865559,12865559, ,910338,0, , 
S4,128421612859120,12859120, ,902768,0, , 
XP1,128419312865127,12865127, ,900360,0, , 
RE13,128584412860529,12860529, ,2309,0, , 
R16,128444012865294,12865294, ,900666,0, , 
R27,128450412865330,12865330, ,900241,0, , 
XP1,128473812865481,12865481, ,900388,0, , 
XP1,128478212865512,12865512, ,900378,0, , 
S4,128448112859367,12859367, ,902730,0, , 
S4,128454312859424,12859424, ,902724,0, , 
XP1,128485112865555,12865555, ,900330,0, , 
XP1,128695612866896,12866896, ,900374,0, , 
RE6,128399112861954,12861954, ,2647,0, , 
S2,128692512861522,12861522, ,932650,0, , 
R3,128410912862055,12862055, ,911920,0, , 
S4,128449012859375,12859375, ,902742,0, , 
R22,128441512865276,12865276, ,910017,0, , 
R22,128480612859665,12859665, ,912057,0, , 
R22,128480012865524,12865524, ,910060,0, , 
S50,128438712865258,12865258, ,928374,0, , 
RE1,128450312865329,12865329, ,900020,0, , 
S50,128487012865577,12865577, ,928350,0, , 
R3,128468212859550,12859550, ,912944,0, , 
S3,128428912865189,12865189, ,900884,0, , 
R16,128442112865278,12865278, ,900651,0, , 
R16,128443612865290,12865290, ,900663,0, , 
RE3,128450512865331,12865331, ,900927,0, , 
R17,128438212859276,12859276, ,902152,0, , 
R28,128409912865068,12865068, ,910310,0, , 
R27,128414112865093,12865093, ,900279,0, , 
S4,128436512859260,12859260, ,902774,0, , 
R16,128473612865479,12865479, ,900635,0, , 
RE2,128557112865983,12865983, ,2248,0, , 
R22,128437612865252,12865252, ,900082,0, , 
R28,128445012865303,12865303, ,910356,0, , 
S3,128459312865385,12865385, ,900831,0, , 
S2,128468812859556,12859556, ,932640,0, , 
RE7,128476812859631,12859631, ,902120,0, , 
S4,128693212861528,12861528, ,902760,0, , 
RE3,128407212865049,12865049, ,900981,0, , 
S3,128421012865135,12865135, ,900812,0, , 
S9,128436612862251,12862251, ,931438,0, , 
R17,128408812859004,12859004, ,902121,0, , 
XP2,128484612865550,12865550, ,910346,0, , 
R27,128426812859171,12859171, ,902269,0, , 
S3,128471212865467,12865467, ,900846,0, , 
R3,128457012859449,12859449, ,912953,0, , 
R3,128423712862148,12862148, ,901945,0, , 
R3,128426412865174,12865174, ,900957,0, , 
R16,128480712865528,12865528, ,900657,0, , 
R16,128476912859632,12859632, ,902679,0, , 
R22,128453012862397,12862397, ,901039,0, , 
R17,128463612865413,12865413, ,900159,0, , 
RE1,128692012866869,12866869, ,900070,0, , 
R2,128543612865892,12865892, ,22604,0, , 
S2,128433312859229,12859229, ,932628,0, , 
S3,128463312865411,12865411, ,900823,0, , 
XP1,128410012865069,12865069, ,900343,0, , 
R28,128433512865222,12865222, ,910314,0, , 
XP1,128457212865372,12865372, ,900326,0, , 
XP1,128426112865172,12865172, ,900377,0, , 
R22,128428112865184,12865184, ,900036,0, , 
RE3,128443912865293,12865293, ,900951,0, , 
S2,128428512859185,12859185, ,932664,0, , 
R6,128678412866768,12866768, ,10626,0, , 
R27,128437512865251,12865251, ,900229,0, , 
S2,128459112859467,12859467, ,932619,0, , 
S2,128478612859647,12859647, ,932668,0, , 
R6,128512612865700,12865700, ,10632,0, , 
R35,128583412863406,12863406, ,10581,0, , 
R34,128584912863419,12863419, ,10468,0, , 
S40,128587112863435,12863435, ,25464,0, , 
S9,128657012864040,12864040, ,24914,0, , 
S40,128664812864104,12864104, ,25482,0, , 
R11,128667112864122,12864122, ,10181,0, , 
S5,128667812864129,12864129, ,24577,0, , 
S9,128668312864134,12864134, ,24974,0, , 
R34,128669112864139,12864139, ,10473,0, , 
S8,128672112864165,12864165, ,24850,0, , 
S1,128672312864167,12864167, ,24116,0, , 
S8,128672412864168,12864168, ,24819,0, , 
R36,128682512864248,12864248, ,10660,0, , 
R37,128690912864325,12864325, ,10781,0, , 
R36,128691412864330,12864330, ,10669,0, , 
S50,128396512864998,12864998, ,25559,0, , 
S50,128396612865012,12865012, ,25560,0, , 
S50,128397012865014,12865014, ,25568,0, , 
S5,128513312865706,12865706, ,24521,0, , 
R37,128515512865715,12865715, ,10778,0, , 
S6,128516512865723,12865723, ,24669,0, , 
S1,128518912865741,12865741, ,24170,0, , 
S5,128519712865746,12865746, ,24566,0, , 
XP2,128524612865772,12865772, ,2938,0, , 
R14,128526612865780,12865780, ,25886,0, , 
S8,128527412865784,12865784, ,24833,0, , 
R4,128528412865792,12865792, ,10933,0, , 
S50,128528812865794,12865794, ,25577,0, , 
RE5,128530112865806,12865806, ,2544,0, , 
RE4,128531312865816,12865816, ,2411,0, , 
R6,128531612865819,12865819, ,10641,0, , 
RE6,128532212865824,12865824, ,2620,0, , 
S5,128533212865831,12865831, ,24515,0, , 
S11,128533312865832,12865832, ,25045,0, , 
R13,128534512865839,12865839, ,10331,0, , 
S13,128537012865855,12865855, ,24313,0, , 
RE10,128539112865866,12865866, ,25526,0, , 
R14,128541112865878,12865878, ,25863,0, , 
RE6,128543712865893,12865893, ,2636,0, , 
S8,128544712865900,12865900, ,24828,0, , 
R38,128545012865902,12865902, ,10884,0, , 
S13,128545312865904,12865904, ,24363,0, , 
R31,128547312865915,12865915, ,10084,0, , 
R36,128547912865919,12865919, ,10675,0, , 
S50,128549112865928,12865928, ,25585,0, , 
RE4,128552612865951,12865951, ,2416,0, , 
S6,128555912865974,12865974, ,24618,0, , 
R38,128557912865987,12865987, ,10889,0, , 
R7,128558212865988,12865988, ,10739,0, , 
S11,128561712866009,12866009, ,25017,0, , 
S6,128568312866057,12866057, ,24641,0, , 
S5,128568812866061,12866061, ,24565,0, , 
R2,128569312866065,12866065, ,22630,0, , 
R14,128571412866077,12866077, ,25847,0, , 
R21,128571512866078,12866078, ,25339,0, , 
R6,128573212866084,12866084, ,10643,0, , 
R13,128573512866087,12866087, ,10336,0, , 
R23,128574512866093,12866093, ,10213,0, , 
R21,128576912866111,12866111, ,25344,0, , 
R40,128577712866117,12866117, ,10002,0, , 
R28,128578212866120,12866120, ,2956,0, , 
R8,128581312866141,12866141, ,10819,0, , 
RE8,128582012866146,12866146, ,2837,0, , 
RE8,128583112866154,12866154, ,2833,0, , 
R28,128584012866160,12866160, ,2972,0, , 
R4,128584312866162,12866162, ,10929,0, , 
S6,128585812866171,12866171, ,24655,0, , 
S9,128589212866188,12866188, ,24948,0, , 
S13,128591812866207,12866207, ,24380,0, , 
S11,128592012866208,12866208, ,25089,0, , 
R36,128593812866219,12866219, ,10684,0, , 
R31,128594612866224,12866224, ,10048,0, , 
S13,128595912866234,12866234, ,24352,0, , 
R38,128596312866236,12866236, ,10867,0, , 
S13,128604912866288,12866288, ,24327,0, , 
S6,128610612866326,12866326, ,24668,0, , 
RE4,128612912866343,12866343, ,2430,0, , 
R31,128613712866349,12866349, ,10020,0, , 
R14,128614012866352,12866352, ,25830,0, , 
R28,128617312866373,12866373, ,2952,0, , 
S13,128618112866375,12866375, ,24345,0, , 
R2,128618812866378,12866378, ,22623,0, , 
RE6,128620512866388,12866388, ,2617,0, , 
R36,128621812866398,12866398, ,10680,0, , 
S6,128623412866411,12866411, ,24642,0, , 
S13,128624312866415,12866415, ,24322,0, , 
R1,128627512866431,12866431, ,10119,0, , 
RE6,128629112866443,12866443, ,2644,0, , 
S8,128630912866455,12866455, ,24841,0, , 
R14,128631412866459,12866459, ,25851,0, , 
RE8,128634712866476,12866476, ,2825,0, , 
S6,128635612866483,12866483, ,24624,0, , 
S5,128637112866494,12866494, ,24575,0, , 
S5,128638912866506,12866506, ,24520,0, , 
RE2,128639912866515,12866515, ,2229,0, , 
S7,128640612866518,12866518, ,24741,0, , 
S1,128641612866526,12866526, ,24150,0, , 
S7,128642012866529,12866529, ,24737,0, , 
R1,128643712866542,12866542, ,10121,0, , 
S13,128644512866547,12866547, ,24317,0, , 
S13,128647512866566,12866566, ,24367,0, , 
R13,128648012866568,12866568, ,10332,0, , 
R14,128648412866570,12866570, ,25822,0, , 
R6,128652112866599,12866599, ,10640,0, , 
S10,128653612866606,12866606, ,25164,0, , 
R8,128654512866611,12866611, ,10831,0, , 
S5,128655112866617,12866617, ,24529,0, , 
R8,128655312866619,12866619, ,10839,0, , 
R7,128656512866626,12866626, ,10742,0, , 
RE8,128657612866637,12866637, ,2829,0, , 
RE5,128659512866651,12866651, ,2520,0, , 
R38,128660712866659,12866659, ,10880,0, , 
R35,128662912866672,12866672, ,10575,0, , 
S13,128663312866675,12866675, ,24366,0, , 
R31,128617512860844,12860844, ,10096,0, , 
R1,128592812863487,12863487, ,10138,0, , 
R35,128594912863505,12863505, ,10588,0, , 
RE2,128549712860216,12860216, ,2278,0, , 
R34,128512812862814,12862814, ,10477,0, , 
R4,128519812862872,12862872, ,10943,0, , 
S9,128599212863537,12863537, ,24966,0, , 
R34,128601712863560,12863560, ,10469,0, , 
S40,128601812863561,12863561, ,25466,0, , 
R6,128630812860965,12860965, ,10606,0, , 
S7,128521712862887,12862887, ,24763,0, , 
R21,128525112862911,12862911, ,25308,0, , 
R2,128606312863597,12863597, ,22620,0, , 
R5,128611012863635,12863635, ,10530,0, , 
S11,128564612860348,12860348, ,25265,0, , 
S6,128565912860359,12860359, ,24635,0, , 
S5,128528612862939,12862939, ,24536,0, , 
R35,128616012863681,12863681, ,10577,0, , 
RE2,128641412861062,12861062, ,2260,0, , 
S9,128540012863041,12863041, ,24915,0, , 
S11,128540112863042,12863042, ,25046,0, , 
R8,128540412863045,12863045, ,10812,0, , 
R1,128624912863754,12863754, ,10112,0, , 
R31,128625612863761,12863761, ,10074,0, , 
S11,128573112860428,12860428, ,25227,0, , 
S9,128543012863070,12863070, ,24964,0, , 
R8,128546512863098,12863098, ,10806,0, , 
R14,128550812863126,12863126, ,25824,0, , 
R8,128628712863787,12863787, ,10813,0, , 
S7,128557312863179,12863179, ,24720,0, , 
R18,128557612863181,12863181, ,10430,0, , 
R18,128558012863184,12863184, ,10428,0, , 
R36,128634412863835,12863835, ,10678,0, , 
S8,128638212863871,12863871, ,24862,0, , 
R25,128639012863877,12863877, ,11275,0, , 
RE11,128559512863198,12863198, ,2180,0, , 
S5,128561812863218,12863218, ,24528,0, , 
S5,128643512863913,12863913, ,24541,0, , 
S8,128645512863928,12863928, ,24859,0, , 
R36,128567812863271,12863271, ,10698,0, , 
R35,128567912863272,12863272, ,10585,0, , 
S8,128572812863308,12863308, ,24867,0, , 
S1,128573012863310,12863310, ,24122,0, , 
S2,128676112861363,12861363, ,24260,0, , 
S11,128574812863323,12863323, ,25042,0, , 
R38,128513612859889,12859889, ,10894,0, , 
R4,128525012859991,12859991, ,10905,0, , 
RE2,128526012860001,12860001, ,2224,0, , 
RE6,128612212863645,12863645, ,2668,0, , 
S11,128617012863689,12863689, ,25027,0, , 
S9,128457612865376,12865376, ,934460,0, , 
R3,128481612865535,12865535, ,914921,0, , 
R25,128519612865745,12865745, ,11293,0, , 
S1,128529912865804,12865804, ,24091,0, , 
S1,128543412865891,12865891, ,24026,0, , 
S1,128550912865937,12865937, ,24025,0, , 
R31,128556712865980,12865980, ,10019,0, , 
S5,128577412866114,12866114, ,24501,0, , 
R8,128582612866150,12866150, ,10803,0, , 
R21,128588112866183,12866183, ,25336,0, , 
S5,128597612866244,12866244, ,24508,0, , 
S5,128605712866292,12866292, ,24597,0, , 
S9,128637012866493,12866493, ,24996,0, , 
R21,128650112866584,12866584, ,25331,0, , 
S1,128653412866604,12866604, ,24033,0, , 
S9,128674712866748,12866748, ,24906,0, , 
R38,128666212866693,12866693, ,10870,0, , 
S5,128666712866696,12866696, ,24578,0, , 
R28,128667412866702,12866702, ,2964,0, , 
RE10,128668112866705,12866705, ,25508,0, , 
S5,128668212866706,12866706, ,24525,0, , 
R6,128668812866708,12866708, ,10633,0, , 
R2,128670312866719,12866719, ,22659,0, , 
RE13,128670512866721,12866721, ,2339,0, , 
S6,128670612866722,12866722, ,24651,0, , 
S6,128671712866731,12866731, ,24625,0, , 
RE2,128677812866765,12866765, ,2238,0, , 
R28,128679812866778,12866778, ,2940,0, , 
S5,128680112866781,12866781, ,24543,0, , 
R13,128680512866783,12866783, ,10315,0, , 
S50,128683712866807,12866807, ,25573,0, , 
RE5,128683912866809,12866809, ,2569,0, , 
R35,128686412866833,12866833, ,10587,0, , 
R21,128686612866835,12866835, ,25338,0, , 
RE10,128687312866840,12866840, ,25506,0, , 
RE11,128687812866842,12866842, ,2153,0, , 
S50,128688712866848,12866848, ,25553,0, , 
RE6,128691212866864,12866864, ,2629,0, , 
RE11,128691312866865,12866865, ,2161,0, , 
S4,128437112865248,12865248, ,910610,0, , 
R16,128446812865311,12865311, ,900621,0, , 
S9,128455812862420,12862420, ,931426,0, , 
R22,128443112859320,12859320, ,912018,0, , 
R17,128465612865429,12865429, ,900168,0, , 
R28,128484712865551,12865551, ,910344,0, , 
S9,128483112862636,12862636, ,931460,0, , 
S6,128672212866734,12866734, ,24708,0, , 
R17,128413212865088,12865088, ,900129,0, , 
R22,128416512865109,12865109, ,910059,0, , 
S3,128480212865525,12865525, ,900881,0, , 
R27,128445512865307,12865307, ,900254,0, , 
S50,128450812865334,12865334, ,928338,0, , 
XP1,128693112866877,12866877, ,900380,0, , 
R17,128696312864385,12864385, ,901126,0, , 
S4,128409112865062,12865062, ,900751,0, , 
S9,128419912862120,12862120, ,931480,0, , 
S13,128530212865807,12865807, ,24389,0, , 
XP1,128434312865228,12865228, ,900327,0, , 
S4,128468112865445,12865445, ,900739,0, , 
R3,128445112859338,12859338, ,902972,0, , 
S9,128696412864386,12864386, ,931430,0, , 
R17,128418012865120,12865120, ,900149,0, , 
R22,128484912865553,12865553, ,910089,0, , 
S9,128425012862160,12862160, ,931452,0, , 
R3,128453712862402,12862402, ,901915,0, , 
R17,128460512865392,12865392, ,900132,0, , 
S4,128467112865439,12865439, ,900793,0, , 
XP1,128468012865444,12865444, ,900350,0, , 
R17,128411112865076,12865076, ,900165,0, , 
R16,128458312865381,12865381, ,900669,0, , 
S4,128471412865468,12865468, ,900781,0, , 
R27,128430512865200,12865200, ,900226,0, , 
R17,128432012865212,12865212, ,900166,0, , 
R17,128446312862329,12862329, ,901163,0, , 
S3,128452712865349,12865349, ,900815,0, , 
S4,128470612865462,12865462, ,900745,0, , 
R28,128476412865501,12865501, ,910316,0, , 
R16,128410512862051,12862051, ,901665,0, , 
S3,128407412865050,12865050, ,900878,0, , 
R27,128419112865126,12865126, ,900235,0, , 
R16,128450212862372,12862372, ,901646,0, , 
RE2,128667012866699,12866699, ,2204,0, , 
R23,128576312866106,12866106, ,10200,0, , 
XP1,128439812865264,12865264, ,900372,0, , 
R16,128459712862448,12862448, ,901622,0, , 
S3,128465012865425,12865425, ,900817,0, , 
R3,128473112859595,12859595, ,912956,0, , 
S3,128434912865233,12865233, ,900828,0, , 
R17,128429712859196,12859196, ,902157,0, , 
R16,128420612859111,12859111, ,902683,0, , 
S2,128476512859628,12859628, ,932616,0, , 
R17,128440712865269,12865269, ,900136,0, , 
S3,128460112865388,12865388, ,900882,0, , 
R17,128433112865221,12865221, ,900183,0, , 
R22,128439712865263,12865263, ,914014,0, , 
XP1,128464812865423,12865423, ,900384,0, , 
XP1,128466712865437,12865437, ,900358,0, , 
R28,128485712865561,12865561, ,910366,0, , 
S3,128693312866878,12866878, ,900875,0, , 
S4,128415312865102,12865102, ,900783,0, , 
R28,128414212865094,12865094, ,910370,0, , 
S4,128448312865320,12865320, ,900727,0, , 
S3,128470112865458,12865458, ,900854,0, , 
S9,128435812862245,12862245, ,931454,0, , 
XP1,128435412865237,12865237, ,900316,0, , 
XP2,128452812865350,12865350, ,910368,0, , 
R22,128459912865386,12865386, ,900044,0, , 
S3,128479712865521,12865521, ,900845,0, , 
S4,128458812859464,12859464, ,902740,0, , 
S50,128434712865231,12865231, ,928318,0, , 
S4,128426912859172,12859172, ,902756,0, , 
R27,128423412865153,12865153, ,900231,0, , 
XP1,128456112865367,12865367, ,900383,0, , 
R17,128410212865071,12865071, ,900110,0, , 
S3,128428612865187,12865187, ,900849,0, , 
R22,128442612865283,12865283, ,900023,0, , 
XP1,128449412865324,12865324, ,900319,0, , 
S2,128427112859174,12859174, ,932672,0, , 
R22,128455012865360,12865360, ,900049,0, , 
R17,128431612859213,12859213, ,902113,0, , 
S4,128409412865064,12865064, ,900725,0, , 
R28,128448212865319,12865319, ,910322,0, , 
R21,128572512866081,12866081, ,25304,0, , 
S3,128692812866875,12866875, ,900834,0, , 
S9,128413012862068,12862068, ,931422,0, , 
R22,128446912865312,12865312, ,900040,0, , 
R27,128424912859152,12859152, ,902218,0, , 
RE3,128471012865465,12865465, ,900948,0, , 
R27,128465512865428,12865428, ,900250,0, , 
XP1,128469312865454,12865454, ,900307,0, , 
R17,128449212859376,12859376, ,902153,0, , 
R2,128565112866032,12866032, ,22609,0, , 
R2,128585112863421,12863421, ,22661,0, , 
R8,128586412863432,12863432, ,10809,0, , 
RE8,128587012863434,12863434, ,2876,0, , 
R23,128658312864050,12864050, ,10229,0, , 
R36,128661412864076,12864076, ,10690,0, , 
S1,128668012864131,12864131, ,24128,0, , 
R21,128673912864181,12864181, ,25309,0, , 
R18,128674512864186,12864186, ,10438,0, , 
S7,128679712864223,12864223, ,24728,0, , 
R7,128688912864308,12864308, ,10714,0, , 
S50,128397812864997,12864997, ,25584,0, , 
S50,128396412865001,12865001, ,25555,0, , 
R7,128515612865716,12865716, ,10730,0, , 
S8,128517712865731,12865731, ,24872,0, , 
S13,128520512865750,12865750, ,24347,0, , 
R1,128520712865751,12865751, ,10145,0, , 
RE6,128521112865752,12865752, ,2616,0, , 
R6,128526812865781,12865781, ,10600,0, , 
R8,128529812865803,12865803, ,10841,0, , 
RE2,128530912865813,12865813, ,2246,0, , 
R36,128531412865817,12865817, ,10687,0, , 
S5,128532412865825,12865825, ,24550,0, , 
R8,128533912865837,12865837, ,10823,0, , 
R8,128535012865841,12865841, ,10818,0, , 
RE13,128535112865842,12865842, ,2347,0, , 
R37,128535312865843,12865843, ,10776,0, , 
S8,128540312865873,12865873, ,24848,0, , 
RE2,128540612865875,12865875, ,2241,0, , 
R31,128541412865881,12865881, ,10036,0, , 
S13,128544312865897,12865897, ,24321,0, , 
R4,128545112865903,12865903, ,10910,0, , 
RE2,128550512865935,12865935, ,2225,0, , 
S50,128551212865939,12865939, ,25589,0, , 
S8,128554312865961,12865961, ,24868,0, , 
S8,128554712865965,12865965, ,24886,0, , 
S13,128555512865970,12865970, ,24383,0, , 
RE8,128557012865982,12865982, ,2813,0, , 
R36,128557512865985,12865985, ,10683,0, , 
S5,128558512865989,12865989, ,24533,0, , 
RE6,128559412865994,12865994, ,2630,0, , 
RE13,128561012866003,12866003, ,2381,0, , 
S8,128562112866010,12866010, ,24840,0, , 
R38,128562512866012,12866012, ,10874,0, , 
RE13,128562712866014,12866014, ,2331,0, , 
R8,128563312866020,12866020, ,10827,0, , 
RE6,128564912866030,12866030, ,2625,0, , 
RE5,128566012866034,12866034, ,2532,0, , 
R7,128567012866041,12866041, ,10736,0, , 
S6,128568512866059,12866059, ,24677,0, , 
RE5,128569012866063,12866063, ,2568,0, , 
R35,128569912866066,12866066, ,10590,0, , 
S6,128570312866069,12866069, ,24671,0, , 
S13,128572612866082,12866082, ,24342,0, , 
S8,128572912866083,12866083, ,24853,0, , 
RE5,128573712866089,12866089, ,2524,0, , 
S6,128578312866121,12866121, ,24676,0, , 
S5,128581212866140,12866140, ,24558,0, , 
R21,128582712866151,12866151, ,25356,0, , 
R37,128583012866153,12866153, ,10773,0, , 
R37,128583212866155,12866155, ,10779,0, , 
S8,128583512866157,12866157, ,24884,0, , 
S13,128585312866166,12866166, ,24334,0, , 
R34,128586912866176,12866176, ,10470,0, , 
RE10,128587212866177,12866177, ,25528,0, , 
RE2,128587512866179,12866179, ,2217,0, , 
S10,128587812866181,12866181, ,25180,0, , 
S9,128589312866189,12866189, ,24928,0, , 
R38,128590712866198,12866198, ,10868,0, , 
R36,128591512866204,12866204, ,10668,0, , 
S7,128593112866213,12866213, ,24752,0, , 
RE10,128595012866226,12866226, ,25533,0, , 
R13,128595212866228,12866228, ,10338,0, , 
S5,128595712866232,12866232, ,24564,0, , 
S13,128599812866256,12866256, ,24373,0, , 
R5,128600312866258,12866258, ,10528,0, , 
RE5,128603212866276,12866276, ,2577,0, , 
S10,128607012866298,12866298, ,25174,0, , 
R7,128607912866307,12866307, ,10718,0, , 
S50,128612312866337,12866337, ,25591,0, , 
S13,128612812866342,12866342, ,24330,0, , 
RE6,128615612866364,12866364, ,2635,0, , 
XP2,128619112866380,12866380, ,2926,0, , 
RE11,128623212866409,12866409, ,2182,0, , 
R14,128623312866410,12866410, ,25878,0, , 
R28,128628312866438,12866438, ,2928,0, , 
RE10,128628812866442,12866442, ,25531,0, , 
RE13,128630712866454,12866454, ,2377,0, , 
R39,128631812866463,12866463, ,10790,0, , 
S5,128631912866464,12866464, ,24547,0, , 
S7,128636312866490,12866490, ,24769,0, , 
RE11,128637712866499,12866499, ,2177,0, , 
R38,128638112866503,12866503, ,10896,0, , 
S1,128639812866514,12866514, ,24166,0, , 
S9,128642912866536,12866536, ,24917,0, , 
S6,128646012866554,12866554, ,24650,0, , 
RE10,128647012866561,12866561, ,25521,0, , 
S13,128649512866578,12866578, ,24325,0, , 
S6,128650912866590,12866590, ,24667,0, , 
S7,128651212866592,12866592, ,24764,0, , 
S5,128651312866593,12866593, ,24526,0, , 
RE5,128651512866595,12866595, ,2581,0, , 
R5,128652812866602,12866602, ,10525,0, , 
R21,128653712866607,12866607, ,25340,0, , 
S5,128656112866623,12866623, ,24516,0, , 
R13,128658812866645,12866645, ,10335,0, , 
R7,128658912866646,12866646, ,10732,0, , 
S13,128659812866653,12866653, ,24354,0, , 
R14,128660212866656,12866656, ,25831,0, , 
R5,128662412866670,12866670, ,10541,0, , 
RE2,128617412860843,12860843, ,2206,0, , 
S2,128618512860854,12860854, ,24217,0, , 
S11,128689712861499,12861499, ,25267,0, , 
R23,128590412863464,12863464, ,10237,0, , 
R6,128546612860190,12860190, ,10648,0, , 
R8,128513712862821,12862821, ,10828,0, , 
R5,128598112863529,12863529, ,10522,0, , 
S1,128600812863552,12863552, ,24120,0, , 
S2,128632512860982,12860982, ,24252,0, , 
S40,128521512862885,12862885, ,25462,0, , 
R23,128526212862919,12862919, ,10245,0, , 
S5,128526712862923,12862923, ,24531,0, , 
S9,128606212863596,12863596, ,24954,0, , 
S5,128606912863600,12863600, ,24512,0, , 
RE2,128560012860305,12860305, ,2255,0, , 
R1,128528512862938,12862938, ,10114,0, , 
R18,128534812862997,12862997, ,10440,0, , 
S40,128613412863656,12863656, ,25416,0, , 
S2,128568012860379,12860379, ,24218,0, , 
S2,128571812860418,12860418, ,24272,0, , 
S2,128644312861085,12861085, ,24236,0, , 
S40,128535512863003,12863003, ,25456,0, , 
R18,128537112863016,12863016, ,10417,0, , 
S40,128537812863021,12863021, ,25472,0, , 
RE13,128538012863023,12863023, ,3006,0, , 
R25,128538612863028,12863028, ,11254,0, , 
R34,128542312863063,12863063, ,10481,0, , 
R8,128620312863716,12863716, ,10811,0, , 
S9,128625312863758,12863758, ,24938,0, , 
S1,128626012863764,12863764, ,24130,0, , 
S2,128578912860478,12860478, ,24242,0, , 
R4,128650212861137,12861137, ,10906,0, , 
S2,128653312861166,12861166, ,24248,0, , 
R23,128542712863067,12863067, ,10219,0, , 
R23,128544812863084,12863084, ,10241,0, , 
R14,128545212863088,12863088, ,25865,0, , 
S8,128629012863790,12863790, ,24866,0, , 
S8,128629212863792,12863792, ,24835,0, , 
R36,128630612863804,12863804, ,10674,0, , 
R11,128552912863143,12863143, ,10168,0, , 
S8,128555312863162,12863162, ,24822,0, , 
R23,128556912863175,12863175, ,10244,0, , 
S11,128558112863185,12863185, ,25038,0, , 
R5,128558312863187,12863187, ,10531,0, , 
S40,128633212863827,12863827, ,25474,0, , 
S2,128586712860551,12860551, ,24234,0, , 
RE2,128587612860559,12860559, ,2276,0, , 
R25,128559112863194,12863194, ,11279,0, , 
R25,128563012863229,12863229, ,11269,0, , 
S9,128645312863926,12863926, ,24930,0, , 
S2,128596812860657,12860657, ,24220,0, , 
S11,128567512863269,12863269, ,25034,0, , 
R2,128569412863285,12863285, ,22624,0, , 
R2,128569812863287,12863287, ,22668,0, , 
S8,128652912864010,12864010, ,24851,0, , 
S2,128602612860710,12860710, ,24226,0, , 
S2,128679312861400,12861400, ,24232,0, , 
S11,128575112863326,12863326, ,25018,0, , 
R23,128577212863343,12863343, ,10214,0, , 
R6,128516412859916,12859916, ,10608,0, , 
R21,128517112859923,12859923, ,25307,0, , 
RE2,128525712859998,12859998, ,2273,0, , 
R21,128535212860085,12860085, ,25326,0, , 
S11,128537912863022,12863022, ,25022,0, , 
S11,128584212863413,12863413, ,25019,0, , 
S9,128484312865547,12865547, ,934472,0, , 
R25,128547012865912,12865912, ,11290,0, , 
S1,128548512865923,12865923, ,24047,0, , 
S9,128597512866243,12866243, ,24994,0, , 
S9,128604812866287,12866287, ,24904,0, , 
R25,128606612866296,12866296, ,11283,0, , 
S1,128608812866313,12866313, ,24018,0, , 
S5,128620912866391,12866391, ,24590,0, , 
RE6,128622512866404,12866404, ,2614,0, , 
R31,128625912866423,12866423, ,10068,0, , 
S1,128639612866512,12866512, ,24014,0, , 
S1,128643612866541,12866541, ,24016,0, , 
RE5,128669412866712,12866712, ,2541,0, , 
R6,128669512866713,12866713, ,10620,0, , 
S5,128674112866745,12866745, ,24523,0, , 
R38,128674612866747,12866747, ,10858,0, , 
R13,128675912866753,12866753, ,10324,0, , 
S11,128681912866796,12866796, ,25052,0, , 
R21,128683012866802,12866802, ,25350,0, , 
RE5,128683312866804,12866804, ,2552,0, , 
RE5,128683512866805,12866805, ,2556,0, , 
R14,128684512866815,12866815, ,25855,0, , 
RE6,128684812866817,12866817, ,2615,0, , 
RE6,128685012866819,12866819, ,2641,0, , 
RE8,128685112866820,12866820, ,2812,0, , 
R21,128686512866834,12866834, ,25337,0, , 
S11,128687112866838,12866838, ,25040,0, , 
R14,128689812866854,12866854, ,25882,0, , 
R14,128690412866859,12866859, ,25826,0, , 
